input1,input2,output1,output2
[-1874 4028 -1902 -7710],2154,-1874,4028
[-2134 1445 -5168 8295 9518],10963,1445,9518
[-5281 5185 6276 -2739 -2384],11461,5185,6276
[-3288 4630 5479 -4577 -8355],-3725,4630,-8355
[7069 3537 -6735 -493 8327],10606,7069,3537
[8935 -7590 5074 4128 -5073 3883 -4172 5677 8340 -4485 7546 3678 -2508 450 -436 -2481 -9628 4749],4763,8935,-4172
[-708 -6049 -4590 4296 -7538],-6757,-708,-6049
[-9694 -6811 7129 -8889],-1760,7129,-8889
[-6139 -2134 4301 -8308 -4671],-10810,-6139,-4671
[431 -1186 1628 -4864],-755,431,-1186
[2107 3157 -2686 -2638 -8322 8777 -3952 5849 2439 8185 6247 5575 -5193 3952 -6815 -4875 -1723 -845],4825,8777,-3952
[-8356 -6049 -2810 2899 -4564 1822 2303 -4886 -6895 2584 -2650 -2695 -7428 869 2601 9766 -2932 2850],-49,-2650,2601
[6583 -5117 -1967 -101 3327 -5185 7320],-5218,-5117,-101
[3862 7638 8737 -7019 -5621 9212 5195 4480 998 -55 6576],9057,3862,5195
[2815 -5153 -6584 4761 -3586 -4907],-2092,2815,-4907
[-7296 -3426 7145 5753 -8825],-151,-7296,7145
[8023 2384 -2286 -2242 1230 8169],3614,2384,1230
[9505 -2578 3458 7908 8041 2975 -3869 -641 -8063 -28 -1059 7051 3454 -514 -6317 -6592 -5616 9230],9202,-28,9230
[1006 -999 6121 -7821 3837],2838,-999,3837
[-7983 7290 -886 -3726 -8349],-4612,-886,-3726
[6494 8255 -2151 1960 1839 -9472 -4173 4569 -4979 9576 -8640 4016 4634 -5440 8823 7578 3001 2477 -4541 -7320],-2064,2477,-4541
[-9953 3144 6347 -7312 3280 -1855],-9167,-7312,-1855
[-1528 883 7295 -6817 6336 -2264 -9480 -4240 4763 -2068 -7492 -7224 1298 -202 4295 -4366 -2061],-3483,883,-4366
[3509 -4995 7467 -2751 -5589 -9462 2257 543 -9753 6937 -4796 -1018],2472,-4995,7467
[6504 2600 8745 9493 5706 1051 4539 -9678 -4242 -2155 -8600 -2926 -2372 2631 9342],7338,9493,-2155
[8981 -9791 7915 -8500 -8241],740,8981,-8241
[1628 7482 8672 2339 -3326 -2648 8308 -2339 4405],-1020,1628,-2648
[4166 -2145 -4180 5285 -2917 -6109 4760 6005 -6544 -8220 2861 -8741 8625 -7560],-3248,-6109,2861
[-2368 93 149 -2908 4590 -4409 -2097 -7077 -572 -6571 -5119 545 1220 6151 -9962 1814 -7788 5267 22 -2642],-9213,-6571,-2642
[4797 9709 -9829 5190 -5184],-387,4797,-5184
[3230 5679 1446 9097],14776,5679,9097
[-5493 9763 -7324 -7469 6656 8860 3350 -7490 -3729 7787 -1302 4104 -9967 3139 4247 -3585 -1432 1947 9326],6178,9763,-3585
[202 -7627 1317 8971 -2369 -1667 9861 4495 -1310],-3132,-7627,4495
[-4187 -6023 -1650 3081 8895],4708,-4187,8895
[-1117 -5309 -5882 -3130 -7675 -757 -4670 9313],6183,-3130,9313
[-7265 6408 4353 6095 -8332 -372 -7755 8279 3646 123 -7334 3407 -522 -8118 141],-15666,-8332,-7334
[9951 -8231 -9807 -9918 -2230 5169 8579 -3087],2939,-2230,5169
[9885 -3193 -1858 8527 6540 -5374 7836 -6525 6398 1367 2061 -7977 9964 -5629 -5719 -2925 -6053 641 -2998],8106,-1858,9964
[3088 9043 -8235 4807 -4077 -3311 -2138 -8779 -9937 -2891 8730 4599 -4286],1496,4807,-3311
[7060 -1553 -5567 7352 3538],1985,-1553,3538
[5273 232 9802 7673 8625 -521 6658 5374 -6406 6652 1690 5590 3202 3081 6455],13004,9802,3202
[-5483 3459 6341 7169 -4819 2722 3254 8554 6208 -7756 5026 8268 -667 -5921],8485,3459,5026
[3121 5510 -3664 6729 8851 -6780 7169 2677 -5713],-4103,-6780,2677
[9362 4109 6286 174 -5906 -9126 8805],18167,9362,8805
[6195 9989 5565 9360],15554,9989,5565
[-8057 8032 1558 5531],9590,8032,1558
[-4805 -4995 -2506 3329 7405 -253 -9412 -5617 -1322 6396 -6297 2478 8578 -5948 3413 -6813 4168 -5366 -9142 -5690],-2884,-6297,3413
[-4886 -8349 -8774 -398],-8747,-8349,-398
[-2427 -6662 -2807 1186 453 5396 -8685 -6570 1269 -38 -516 5170 5555],2455,1186,1269
[2609 3202 1816 4079 5463 5960 5000 6090 -9043 -530 -7094 6257 -907 986 7907 4276 -8462 5159 -9313 4103],6946,5960,986
[-200 856 2960 3722],3522,-200,3722
[-3252 -7620 6726 -5133 -7850 8423 -9712],3474,-3252,6726
[-883 -1443 4094 -4043],-5486,-1443,-4043
[-6534 -5827],-12361,-6534,-5827
[6695 5058 -8980 -7135 -4680],378,5058,-4680
[6062 -2147 -4276 -873],-5149,-4276,-873
[5912 -5150 9744 9121 -4336 -9357 9883 -5884],-11034,-5150,-5884
[9089 2163 -4899 2822 3325 -472 -3860 4679 2513 3152 -3023],7501,2822,4679
[1300 5852 6152 -2150 4594 -8345 8120],-2493,5852,-8345
[1600 5000 4602 -3022 8031 2496 8203 -6616 7008 -6520 1554],8562,7008,1554
[-3584 4589 5937 50],5987,5937,50
[4286 8732 5613 804 -4517 2205 4798 -5962 6256 8806 6260 -7955 -6453 -8863 -2555 -7336 976 6706 4157 -2631],-7072,-4517,-2555
[-8717 -1825 -7380 -2474 8990 -7505 3601 -4967 -2956],-10542,-8717,-1825
[3434 -3834 -6369 -3277 -862],-2935,3434,-6369
[90 4776 -3974 -5279 -1394 2962 172 9229 -7941 -4060],3382,4776,-1394
[-6846 1293 -8604 -9812],-16658,-6846,-9812
[-5300 8757 5221 9316 -9137],-380,8757,-9137
[61 4479 4897 6878 -5812 3122 5436 1910 1003 -5201],-2079,3122,-5201
[8480 -9770 3294 -4816 9275 -5370 -6851 6395 -7770 5822 5536 5347],-16621,-9770,-6851
[5351 -8669 6576 -6381 6487 -7770 -1234 943 -1887 7187 -5890 -8046 9949 -2652 6 9829 -2987],-1482,-8669,7187
[8676 -8065 3284 -254 -434 4935 -959 -5808 6138 5892 -5589 -2884 -5396 985 -8688 -820],14568,8676,5892
[-7016 -6740 -4211 -6969 -6998],-11209,-4211,-6998
[2632 -7000 -4943 -4686 5645 9041 2519 714 -1348 4670 4890 -8578 9307 -3862 5884 1534],11560,9041,2519
[2009 9592 9521 8256 -264 9964 -3131 -9123 -5199 -5109 -9390 -2340 -9448 4334 7189 -3709],-5056,-9390,4334
[-2079 -4641 4584 731 -4960],-9601,-4641,-4960
[-2652 2703 9208 -3485 -9899 -6075 1547 4544 971 276 -1164 3774 6510 5612],11911,2703,9208
[3547 4132 7947 -7362],-3815,3547,-7362
[1955 -5309 9619 501 5992 -6277 -4053 3795 -2386 941 8457 702 1524 6867 1364 -8678 1023 6142 6489],8097,1955,6142
[-8719 -2855 -8525 5862 -838 6857 -3087 452 2923 -2231 471 9380 -3864 4568],-2616,-3087,471
[7363 -5752 4261 -8319 -823 -5893 -6348 5037],-1311,-6348,5037
[8572 -7199 2021 1559 1410 -5552 7833 6481 -8262 9748 -3542 -8580 -9839 5595 1405 96 1249 2342 8387],-5920,-8262,2342
[8726 -810 -5502 -9179 7881 -9445],-14947,-5502,-9445
[4367 5435 5399 757 8842 3146 6007 9936 -5735 8408 7716 3199 -4091 -2103 -9867 9755 3840],13807,5399,8408
[-7191 887 -9114 -1843 5349 -3315 -6166 -9707 -2148 5067 9767 211 -293 7401 -7845 4742 -7865 7500 -9859],15116,5349,9767
[-7050 -319 654 -6544 8368],1824,-6544,8368
[-8354 -4429 7700 6276 6818 -3409 -5357 839 -892 4488 -8017 -3219 6500 -8275 -6721 4491 7501 -2300 -8429],-1517,-8017,6500
[-8646 -6656 1876 6991 2398 -1886 -6257 1139 -5199 -9684 -5484 -9801 -1498 4712 -1180 -777 -5423 -4698],-11680,-6257,-5423
[9587 7065 -8858 6294],13359,7065,6294
[-9471 4505 -1110 -9005 -6242 1533],-10581,-9471,-1110
[-6306 -9006 3384 224 -1125 -6624 -3532 -8545 1389 6111 -9175 -599 4412 -7875 43 -8121 -3660],-3709,4412,-8121
[-172 7358 -7927 -6149 -4862 8273 2541 782 6196 7393 5282 -2101 -7936 8243],-15863,-7927,-7936
[4752 -1792 7508 5364 908 7189 7226 -4090 -9936 -8469 1454 -1966],-6056,-4090,-1966
[-5149 -1830 8331 2699 -4544 2190 -2651 2516 5289 4296 -2023 -2309],676,2699,-2023
[8478 -4752 -3814 -8954 3962],-12768,-3814,-8954
[-600 3845 -5265 7816 4285 -9686 -9561 -6727 -9651 8904],-1745,7816,-9561
[2091 -812 -6000 -2808 -6137 32 -3374 7059 -4052 -502],-3342,32,-3374
[-3854 -3434 -6435 1719],-2135,-3854,1719
[-842 2081 -2154 -6349 -8115 8929],1239,-842,2081
[9115 -929 -4762 2326 -5338 -2656 2061 3527],11176,9115,2061
[4839 -872 9208 -1220 -2139 -6382 -5134 -9406 8564],7692,-872,8564
[-1097 8553 6621 -1107],7446,8553,-1107
[5153 1193 3686 8870],4879,1193,3686
[-8393 -8340 9051 -3224 -8220 -7928],831,9051,-8220
[6490 -1059 -4820 -6493 7216 1642 9668 849 -6088 7625 9574 -5072],16158,6490,9668
[5063 -5005 7249 1443 -5479],-10484,-5005,-5479
[3491 -8858 -7610 -6844 -1995 -8982 -5669 -2750 -1899 -3779 784 8683 6259 -5050 7257 1897 -6669 -946 6791],-353,-7610,7257
[-9779 8324 6234 -1481 -5546 -2982 -4814 -4686 7902 -8518 1594 5755 -43 8662 -2545 6544 6959 -8015],3999,-2545,6544
[-5487 1769 7849 -8381 9952 8011 1154 -5146 4477 -2185 -7033 -9794 -9282],9780,1769,8011
[-7712 -877 -6232 368 -8622 -8991 5595 -1047 -5639 9597 7733 4901 -9952 547 5548 -3174 -707 -9699 -659],-14261,-8622,-5639
[3347 -6692 -6164 8484 1167],-12856,-6692,-6164
[-2635 -3321 9366 6106],15472,9366,6106
[-500 8593 4917 7274 7231 -3490 -6944 -3743 -3794 -2174 -7232 9720 -6088 4963 6657 -3138 7281],-3990,-500,-3490
[-4171 5103 8021 3516 -8246],11537,8021,3516
[6681 -6795 5038 2227 3620],-4568,-6795,2227
[2953 8087],11040,2953,8087
[-4803 4986 -7795 -2399 3377 -6393 -8664 -5618 9654 -468 2962 -7255 4193 8285 -5460 -218 -3183 -9924 4516],8709,4193,4516
[8570 -6216 7530 4200 -6782 -4944 8333 3207 -6329],7407,4200,3207
[8858 -5747 3841 4557],13415,8858,4557
[8708 1296 1550 4535 8543 -2419 2654 -6314 8125],-1123,1296,-2419
[3318 3049 4785 -5910 6288 -4449 7411 3748 7926 -5208 -8474 -2976 2348 1538 1571 9665 5031 152 -1195],-3689,4785,-8474
[-3357 -4110 -4047 -164 -6617 -4337 -3830 6729 -5791 -1143 4424 -6329 -1809],2615,4424,-1809
[2412 -7788 7120 -16 4070 9855 9192 -3086 67 2381 -291 -1304 9581 4886 5895],15750,9855,5895
[-5178 -789 -4208 7147 -7178],-4997,-789,-4208
[-6487 -4482 -8672 -1042 3778 8244 8702 6539 3684 5932 6160 -4500 8067 -4068 -7432 5738 954 1250],13982,8244,5738
[-4333 -8604 -1687 -6073 -7474 7754 -8920 359 -443 -3960 8067 -2826],-16394,-7474,-8920
[-4524 -4550 -3501 -2002 -4069 9353 9647 -7361 6456 -2331 3732 9683 4033 -5235 -4593 6575 -66 -9975 1548 6655],5090,9683,-4593
[4366 -4747 5881 -5653 2375 -4360 -5561 8281 -8798 -8747 -2694 -1576 -6542 -4192 6002],2720,-5561,8281
[-7931 1102 5017 7693 3703],-6829,-7931,1102
[-2695 9408 -2470 -2813 -5099 -104 8940 9025 1585 -660 -6042 2738 2265 1711 -3710 -9563],5698,9408,-3710
[-1491 -7615 -1168],-9106,-1491,-7615
[-7192 -6775],-13967,-7192,-6775
[5285 -3960 9775 -5981],5815,-3960,9775
[6120 4702 -252 4507 8176 -457 2037 5578 -2338 281 5066 8614 7398 -9507 -2495],-2109,7398,-9507
[9356 8636 7572 -3826 2875 7059 2830 -1070 200 -120 -6221 -5887 4839 -4403 4013 -6236],7714,2875,4839
[273 -4774 6301 -494 -7250 269 6629 9088 -8927 4519 -6541 9054 4749 -2952 -2053 -7358],-4501,273,-4774
[-3547 5394 -2333 7564 -8179 -8000 8948 9656 4741 758 3757 -9125 3406 6836],-2789,-3547,758
[8330 4035 -744 438 -5794 -8155 5474 -1220 -775 8718 -4394 -435 5420 7227 -8474 93 -299 -6129],-13949,-5794,-8155
[-2620 3728 -9910 -29 5994 -3880 9323 417 -2917 6143 1563 -8552 2142 -8144 8270 5595 -1141 -8473 -9332 -3890],-6807,-2917,-3890
[1556 6759 5862 4658 -790 -8771 632 3790 8640 8624 2414 6339 -4371],3046,632,2414
[-9934 3487 -9417 6731 1759 4493 2487 -3296 -7506 5568 7308 -2149 -4858 8405 -8246 -2061 701 -6167],12876,5568,7308
[-1788 2811 4963 -4662 9894],8106,-1788,9894
[7775 3134 2385 4203 -242],7337,3134,4203
[8553 1390 1594 6388 -6507 -9859 9907 -5842 4437 6713 -4700],-3146,-9859,6713
[-4696 -3375],-8071,-4696,-3375
[9967 9374 -4515 -424],4859,9374,-4515
[6856 -3783 9737 1103 -8307 -3860 -5146 -7536 -4015 -7668 8826 5464 7813 -8212 -1164 -4877 6123 -1010 325 -9306],17550,9737,7813
[5490 4899 -1664],10389,5490,4899
[6160 6893 -5862 -7694 9408 -6932 4867 5357 8524 -2435 4813 -86 -9831 -9996 1793 8013 7684 6068],-864,-6932,6068
[8783 7245 -8503 -5495 9512 -1371 6752],280,8783,-8503
[-9611 -7568 -2529 -1680],-11291,-9611,-1680
[5363 7284 2005 5276 -5513 -3528 6824 -8026 -3062 3747 9415 -6353 -2915 4562 5087 8973 -9966 6755 -982 4458],16257,7284,8973
[-8598 -4386 -1570 7155 -245 8560 -9868 988 -6027 2388 -1061 -7150 801 -6978 -5269 -3087 -6292 -7591 -6436 -7712],-13867,-8598,-5269
[2319 -3208 5224 -5238 7010 1791 -7239 4547 -7858 8486 9129 260 -4817 5941 -4310 -4967 9536 5608 2075],-8025,-3208,-4817
[5152 -9600 7025 7844],-2575,-9600,7025
[1369 4560 9231 -8246 3728 2373 -9471],-240,9231,-9471
[-1279 2275 9301],11576,2275,9301
[-7923 -1271 2881 7165 -945 -2916 1996],6220,7165,-945
[5095 -9662 -1518 -1379 6140 -9279 -4440 -6298 -3065 8585 9049 4871 3157],-4408,-9279,4871
[2025 -2954 -5249 7779 -2889 -7139 8749 -7795 4272 1770 8992 394 -5610],-10859,-5249,-5610
[2271 4569],6840,2271,4569
[5652 -8526 1310 1556 -8787 6942 6736 6552 4894 -4410 3219 -5202 -8678 -4596 -2331 -9118 9457 -4270 4979],-6927,-4596,-2331
[9106 -7415 -5575 8267 8830 8966 9467 7763 -2175 -1837 4719 -614 3667],1830,-1837,3667
[3645 -5694 8463 -7574 -1478],-9052,-7574,-1478
[-8475 -6893 5905 -3715 -9875 8233 3835 -4928 2798 3747 -9356 4847 8857 2427 9696 1680 -3980],2190,5905,-3715
[3952 -947 -5102 -9591 -3416 -9142 -224 -4203 -830 9528 8085 9516 -2831 -7001 4178 -8280 -9915],386,-9142,9528
[-4826 3639 9015 -3153 9751 -1840 5920],-6666,-4826,-1840
[-3006 2712 3085 -2586],-5592,-3006,-2586
[-8699 -212 -4123 9327 -6229 -4988 -7723 3653 6041 -34 -2496 3289 2246 4322],-4434,-7723,3289
[-2279 -7349 5174 -8803],-16152,-7349,-8803
[-6602 -7339 7057 -8601 5444 -3408 -9551],-16890,-7339,-9551
[8797 5555 3610 -2405],6392,8797,-2405
[165 -97 3285 8280],3188,-97,3285
[-6835 8648 -6748 7021 5096 3687 -2666 -1199 -6872 5604 6352 5408 -3285 -7751 6564 6421 7282 5204 -259 -3354],3136,-3285,6421
[3664 2503 -9826 -853 9261],2811,3664,-853
[4786 -4838 150 468 2308 -9491 9108 6168 8149],2776,468,2308
[-2189 -6634 -561 -9585 -6403 1803 6892 9448 -3175 -3995 2515 4688 8602 -6319 6086 -3136],5427,-3175,8602
[3795 -5963 6051 6593 2308 2033 6123 317 5363 -6869 653 -2265 -741 8190 3395 -1270 8254],-3535,-2265,-1270
[8204 9439 860 -3546 3029],11233,8204,3029
[-7365 7783 -862 -80],7703,7783,-80
[-7778 -140 -131 3787 -3353 5770 4849 3451 5847 -4967 -8538 -9856 7849 815 -1261],13696,5847,7849
[7103 -8969 -6867 4833 756 2498 -2092 -1236 6749 1326 8688 35],-6471,-8969,2498
[-1469 -618 6078 -414 159],-1883,-1469,-414
[3358 6372 -5271 -8003 -1610 -1660 -4422 8599 8799 1941],-1064,3358,-4422
[621 -1181 4474 7899 9016 1154 2930 -6527 -8711 7870 1515 1898 6134 1186 9056 -5966 7935],15150,9016,6134
[6759 -7482 717 5684],12443,6759,5684
[359 -4136 -7834 -4393],-4034,359,-4393
[-5005 8700 -7666 -2898 8033],5802,8700,-2898
[-328 -7674 -6854 7823 198 -3194 1536],-5318,-6854,1536
[-7422 8331 9163 4753 -1994 -3118 -816 8071 -7248 7849 4507 7109 -269 2425 -7074 9976],12838,8331,4507
[8231 -5109 -5476 -8982 9734 5252 -3187 1247 -5041 -3229 492 917 -9194],-2737,-3229,492
[-2154 3150 -7421],-4271,3150,-7421
[-9956 5822 -5008 -3245 -3500 -4084 -7718 -463 -921 -510 58 2109 -3768 -6035],-4594,-4084,-510
[-2221 6467 -3178 -9098 -2640],3827,6467,-2640
[-9522 -6093 -1260 -8333],-7353,-6093,-1260
[-6586 -6393 2308 4878 -1122 8080 8898 -7328 9259 -1973 5062 -6137 -6874 5947 -7936],335,2308,-1973
[-7594 -409],-8003,-7594,-409
[-2420 -8848 -5463 642 -7928 -6029 -7397],-15325,-7928,-7397
[2647 795 -1038 3252 5437],6232,795,5437
[-273 1958 -3224 8619],-1266,1958,-3224
[-7817 6307 -6387 -5931 8799 4872 323 -4015 5031 6723 -5428 7432 -7633 8309],-1510,-7817,6307
[151 4552 7091 -3453 -2531 7231 -4781 -8050 -9372 5456 -2434 7958 -5487 4513 -7966 -1853],7242,151,7091
[9998 2429 1077 1758 5365],6442,1077,5365
[-3835 -3787 178 -6411],-7622,-3835,-3787
[7237 4106 5984 9458],15442,5984,9458
[-6988 -4430 8147 -9387 -815 6409 1351 116 -5429 -226 4881 -7615],7332,8147,-815
[-7174 -5364 -5569 3789 -9351],-3385,-7174,3789
[-1012 2803 -1543 -4125 7888 -3999 5797 748 9884 5116 -1705 -4894 -3989],1127,5116,-3989
[294 4767 -3736 6912 2845 6860 -6520 -3837 3329 6462 8132 -4256],14992,6860,8132
[1356 2115 -3905 -1789 3143 5285 -6659 -9061 -5317 8540 6931 -7587 2909 -4423 7345 5000 3199 -9468 3794],1881,-6659,8540
[-1148 8499 9739 -2968 -4115 3801 -2444 -2443 8720 2695 5398 -5888 -3771 9930 5610 7522 -4556 4770 -5727 -3711],-7000,-2444,-4556
[6530 5476 -3763 -6562 6344 5940 -9347 -1632 7926 -9126 -8952 1780 4546],6294,-1632,7926
[-5643 -9821 -7074 -9187 -8852],-14495,-5643,-8852
[5061 238 -871],5299,5061,238
[5307 -6416 -2336 -7982 5268 -6339 -2974 -5639 -6320 1950],-4370,-6320,1950
[-9208 -1004 -32 2202 -7569 -4771 907 -2328 2460 -6377 6693 816 2374 -5251 -4707 1774],-7579,-2328,-5251
[2119 -5009 9031 -7029 7855],2002,9031,-7029
[9175 857 -3680 1036 -7768 -5136 -6573 2047 -2433],-6113,-3680,-2433
[9607 -7080 5450 -1780 -7267 2534 -2456 -549 3343 6935 -3588 -3505 -4772 1222 -3381 -4996 -3516 -3345],-5321,-549,-4772
[8264 1874 -2335 -9584],-461,1874,-2335
[-6257 5104 -2040 -4770 8212 9712 6900 1309 8062],6413,5104,1309
[-7451 -3948 -6126 -3254 9843 6783 4430 -7970 -8062 4390 -2042 -3175 5251 -6628 4002 -7999 1458 -125 2741],9524,6783,2741
[5192 6 -9686 -3936 109],1256,5192,-3936
[2277 991 -114 -1738 -6436],-1852,-114,-1738
[-7941 4469 -7149 -9243 1752 -1121 8 -4866 6061 -7832 5160 -534 9815 8963],4039,-1121,5160
[1793 -2757 -2832 -7176 9399 -8748 -2199 786],-964,1793,-2757
[6163 4849 2180 2620 -3558],7469,4849,2620
[1247 3654 1441 -2076 3771 8898 -881 9353 -7910 3756 -590 9861 7385 -1613 5599 -9871],11039,3654,7385
[7345 -9319 -2055 4180 -2180 1452 -9718],2000,4180,-2180
[-6021 -7955 -3429 1122 -2977 3020 -1038 -4947 -2267 7424 -1134 1397 8173 -8010 -5691 3391 -8006 3851 -262],-1396,-1134,-262
[2786 -5065 8883 -3127 3426 -2469 -8590 7617 -7030 2460 -4716 -847 5568 -3350 -6867 -6768],-2279,2786,-5065
[-6688 9564 3090 8374 -8372],1686,-6688,8374
[4432 7189 4513 -4733],-220,4513,-4733
[-7519 4796 -77 -7287],4719,4796,-77
[-1451 -3901 7823 -628 -9639 549 8303 -7271 -9129 9446 8318 49 5031],-2240,-7271,5031
[4206 -3815],391,4206,-3815
[7369 415 4204 -8493 4968 -4835 5230 -3896 -9070 6687 6088 6069 4314 -4761 2840 4508 8819 -4158 -8565],418,-3896,4314
[5884 4981 5890 4035 1086 2913 3271 -3276 9320 4547 2979 5391 5843 1707 4675 6092],8252,4981,3271
[7917 4462 4433 6791],8895,4462,4433
[-5421 -8205],-13626,-5421,-8205
[5150 2852 6432 -3162 5330],2168,-3162,5330
[-2940 -7406 -1920 5651],3731,-1920,5651
[-5788 1393 8379 2400 -4884],10779,8379,2400
[1287 -7919 -2338 -6207],-8545,-2338,-6207
[-3994 -6635 -6294 -2124 -4914 6913 -1376 9466 -8975 3474 -5993],5537,6913,-1376
[2061 8949 -2833 -3127 -1008 7456 3181],-5960,-2833,-3127
[-8939 1688 -3275 9822],6547,-3275,9822
[-4367 167 7706 6948 -7047 4864 -7389 -2127 -3440 2419 7755],659,7706,-7047
[-7812 1339 3883 -4912 -2943],-1604,1339,-2943
[7687 -1376 7435 517 -9375 -135 8321 -3823 141 9188 5461 -3812 -9883 4818 6027 6383 -1389 4167],-1511,-1376,-135
[-8929 5855 1551 -1425],126,1551,-1425
[3465 -8402 1612 -8160 -590 2678 4783 -5301],6143,3465,2678
[-1060 -8827 -4012 4501 -6333 -7112 -7224 7452 7266 6878],-9887,-1060,-8827
[-8313 9567 -2380 4066],7187,9567,-2380
[7446 -70],7376,7446,-70
[3591 3790 4477 1282 208 205 7448 -9973 7386 8482 -7476 -8486 -8179 4035 6002 -9810 2872],10258,7386,2872
[-156 -2107 -6997 -2626 -6355 -9064 3800 -6949 -5338 4659 -5454 984 -1057 -3918 8297 -7381 6535 -4739 -5161 2711],-12110,-6949,-5161
[-2155 -7002 -8526 735 -513 9237 5791 4113 -941 -6860 -2994 1764 6829 4633 -484],-1425,-941,-484
[8295 -6671 -5137 4977],13272,8295,4977
[7000 -6446 -3753 8647 -4478 -9762 6643 -6877 -5260],2890,-3753,6643
[-679 -5511 663 -2867 -7620 9899 8960],7032,-2867,9899
[-2343 5530 -7832 -9235 2402 -5819 9392 -6226 -857 2463 596 -6501 -8850 2532 8588 -8172 -5876 -1569],1220,9392,-8172
[3476 -4567 -2190 142 -6860 1517 5314 1627 4097 7379 4447 3654 -6346 9293 -6622 -1744 7637 -6567 7835],2812,-4567,7379
[8954 -2672 2026 -8141 -9120 3574 1477 3944 -3222 -9524 2776 2094 9017 -4346 3221 6785 7516],16533,9017,7516
[-9431 5909 7362 4402 -9716 8844 -3673 1418 817 -1452 -2376 -1982 2394 -8951 -4392 8735],2236,5909,-3673
[-4709 -4088 -1928 -6851 4154 4236 -6442 -3955 3697 -9344 -1432 191],2308,-1928,4236
[-7987 7814 5013 -2253 -6558],-2974,-7987,5013
[7584 2041 -436 -1707 -7697 -8058 -2996 -7826 -5870 8739 -9058 -4306 3213 7124 5649 -1657 8974 -8324 -6138 6282],-10444,-4306,-6138
[4273 -8903 3757 -4811 8318 -520 -9915 3150 3936 6255 5001 -5287 -8615 5278 -6024 -1193],-5807,-520,-5287
[7002 8497 2981 -5808],1194,7002,-5808
[-4223 717 5237 3519],8756,5237,3519
[-8153 -6663 1321 9270 2395 -5599 -5451 458 1314 -249],2853,2395,458
[8782 6132 -2200 -9822 6244],15026,8782,6244
[9854 -523 -604 6035 4130 5644 4235 -5729 -8611 1709 -8680 -5 -8049 1914 -6770 -9775 -4555],9774,4130,5644
[9677 4397 -2612 6431 -6675],16108,9677,6431
[-5246 8552 -8797 5131 -4028 -9205 5973],-3666,-8797,5131
[-247 -2365 2651 -9095 -3066 -3592 5423 -8184 2217 596],-8499,-9095,596
[9307 5754 1461 7253 -5684 -905 7311 -2004 331 -6881 -3716 -3741 6467 -489],15061,9307,5754
[3769 -2934 -7056 -9948 907 271 -6448 -7129 810],-2124,-2934,810
[-7059 391 5889 -8352 2893 -190 -1825 -7801 2053 4852 -4142 -6018 -7534 8430 5136 3822 -9704],-7843,-1825,-6018
[6932 -3834 -7469 4440 6289],-11303,-3834,-7469
[6435 5108 -7047 4848],11543,6435,5108
[9034 -3042 -6279 2762],11796,9034,2762
[-1541 -9388 647 7065 -718 2857 -2931 -4171 -9850 -864 -7049 4222],-5712,-1541,-4171
[3719 -8628 -5582 -3543 370 -2864 -6301 -3607],-3237,370,-3607
[4824 9993 7475 -8466 -1521],17468,9993,7475
[-9910 -4037 4192 -2214 8579],-1331,-9910,8579
[-7220 -9464 -5283 6465 -2200 8048 -9269 -3513],-10733,-7220,-3513
[-1314 -1753 -6931 -6403],-8684,-1753,-6931
[-8592 8325],-267,-8592,8325
[9963 -707 -1819 5133 -6771 -5016 -634 874 -920 7056 -1994 -8051 -2100 -2112 -6381 6833 5656 -937 -3337],-3813,-1819,-1994
[8309 8684 7493 5707 -7954 -1211 -6344 -8546 5642 9272],7098,8309,-1211
[4726 5381 860 5225],6241,5381,860
[9892 -5596 -8346 5002 1926 9738 1935 5172 5462 7696 -4257 -1538 -9982 2418 7364 -722 -5374 8167 -9964 2566],5635,9892,-4257
[-1304 9746 6386 6342 4413 -5726 4201 -1127 8789 7481],-6853,-5726,-1127
[5026 1380 -3170 3638 7684],11322,3638,7684
[853 7720 6247 -4483 -4047 1518 5991 -6235 -8598 -3356 -3785 97 3568 8560 -6971 6721 -8570 5272 2299],2371,853,1518
[-941 -6596 -8186 4313 -1896 -1136 -3461 -4065 -1095 3506 3365 -4288 -9246 355 6395 6356 5492 3629 2499],-5424,-1136,-4288
[1360 2151 1541],3511,1360,2151
[6862 -1712 -8099 8675 -5807],576,-8099,8675
[-560 3614 -5136 1877],5491,3614,1877
[-2744 1709 4809 -4151 6224 -7172 7716 6556 6311 -9626 4323 -9684 -6343 -3634 3742 9625],-1925,1709,-3634
[4414 2914 -3020 2538],-482,-3020,2538
[-2678 7505 3921 9960 -709 1934 5832 -7311 -8489 -5523 -6475 81 -88 3758 -2996 -3723 -6958],7679,3921,3758
[8680 7133 -9285 -9297 -3979 -965 5084 -5721 8766 -3467 9118 -5782 -263 -6656 4948 2585 -5925],-698,5084,-5782
[6581 -9034 -7329 -5246 1489 2152 161 5350 -9310 166 3687 6164 1678 394 7469 -6851],1839,161,1678
[8522 -3849 672 -1293 -7409],-8702,-1293,-7409
[2896 -3517 -5259],-8776,-3517,-5259
[3856 2994 9741 4694 3325 -489 1504 2643],4829,3325,1504
[8244 -9961 -2015 5395 7997 9403 7148 9436 6869 -2301 -6151 -4573 -6171],997,7148,-6151
[3818 2381 -7091 -5230 2402 6416 -1894],4783,2381,2402
[-7115 7426],311,-7115,7426
[-3392 9226 -913 -4563 -2054 -1552 628 1005 -1224 -3162 604 -1319 -5185 6721 -6206 -367 7238 -1586 -6526],-5446,-3392,-2054
[-4684 -8864 -305 9865 5932],-2932,-8864,5932
[445 -9119 -9833 7186],-18952,-9119,-9833
[-1980 7826 -204 -897],6929,7826,-897
[9784 -5229 7089 -6242 6842 6792 6900 -8466 -4954 -2453 5670 9406 9687 9398 -925 -2594 -9613 -2853 2292],-13695,-5229,-8466
[-8718 -2405 -6921 1323 1080 -600 -9755 -9416 -1839 5161 -5001 -9652],160,5161,-5001
[8113 388 2943 -6170 -1631 1568 8673 5281 6319 8448 -2474 5566 -2244 -2069 3432 -7011 937 -1044],3331,388,2943
[-3463 -1581 -4675 2787 5582 2565 6508 -821 2047 -7858 -8254 4084],8555,6508,2047
[-2278 -3750 8454 8255 3168 4269 -6509 -5380],16709,8454,8255
[-3126 -6928 1441 9869 2789],12658,9869,2789
[-894 1530 -7881 -6873 -4605],-6351,1530,-7881
[6551 8763 9655 5233 1890 -4124 6877 7307 -9485 2670 8042 -4521 9339 -6862 -4999 7146],10653,8763,1890
[5748 -6322 -3265 972 -398 -4066 9601],-6720,-6322,-398
[1502 8392 -1765 -1819 -8557 10000],9894,1502,8392
[-3201 -5492 -6511 -9285 4867 1706 -3883 7933 -5979 -4254 1355],-4137,-5492,1355
[-5785 -2410 5955 335 -9964 3800 4553 6396 4502 7999],-1232,-5785,4553
[3032 -26 -5888 1213 -304],-2856,3032,-5888
[-1127 -7029 5915 3350 105 3241 -1890 5055 8169 9137 -7802 1184 -8851 -9600 -3256 -7777 5118 695 -6764],4025,5915,-1890
[8633 8620 2412 -212 7477],2200,2412,-212
[4190 -1206 3602 1913 -7085 4380 3412 6822 -9242 6473 4483 5493 -3225 6754 6990],9873,4380,5493
[-5649 -6936 4844 5957 2680 4374 8041 3659 2585],10331,5957,4374
[6391 7214 -3229 -6909 -3743 -3889 -6917 5414 -7372 -4559 -8565 -4438 -8383 8659 9811 -2222 -9982 608 3920 -506],-7667,-3229,-4438
[434 2898 -6892 8348 6637],-255,-6892,6637
[2926 4977 -8237 -4006],971,4977,-4006
[-1713 -8878 -2181 8027 1946 2126 2652 3026 8726 6128 6818 -1294],-10172,-8878,-1294
[1730 3705 3426 -9027],5156,1730,3426
[-3125 4793 1591 3602 -3158],-6283,-3125,-3158
[-3506 8781 -7617],-11123,-3506,-7617
[-1529 6145 -1724 -5357 9411 2700 -6682 -2224 5510 -8857 5760 -4636],11270,5510,5760
[-8739 -6912 8321 1577],9898,8321,1577
[9493 4001 -7673 -3001],1000,4001,-3001
[8904 -715 -3826 2867 -8645 884],11771,8904,2867
[-531 -3182 5269 -7889 884 4798 6954 6434 -5186 856],7290,6434,856
[-10000 -8378],-18378,-10000,-8378
[-2943 5887 -624 -2174],-3567,-2943,-624
[93 2916 4496 -8032 -2149],-2056,93,-2149
[4226 8343 -6979 3503],11846,8343,3503
[6056 -1629 9579 -7267 -2080 -804 7009 -1799 -2141 515 -4371 4225 -7609 -8002 5588 -4602 -8914 -2933 9082],-4689,4225,-8914
[4403 4071 1290 -1564 -8776],-7486,1290,-8776
[9715 -9515 -7629 5034 -4511 -7455 3789 -4425 5396 1522 -2768 -8972 6378 -6703],-11880,-7455,-4425
[-6284 1562 4705 7406 6368 -9623 -8243 2565 -704 -1211 -6584 -6388 -2455 2893 -3625 1344 -6502],-8279,-9623,1344
[7723 -2302 -8890 7393 3249 6621 7127 8283 7366 482 -1317 -4218 -7324 -6581 8556 -1594 433],14759,7393,7366
[-3948 5708 -1525 -7783 335],-11731,-3948,-7783
[-2482 -6543 2960 -2653 8224 -9434 2294 3023 389 4070 -7460 3685 -2144 1662 -9884 7053 -7359 -6612 4342 -6967],-4007,2960,-6967
[1968 -8427 3550 5488],5518,1968,3550
[-7135 2710 6741 -7041 8951 -8569 2466 -1723 -8321 6353 5637 7197 2758],15304,8951,6353
[-7090 -255 6932 -3985 -7861 6019 -3666 8783 -2314 3312 -3369 -6935 -1984 2902 -4862 -1716 7647 -5645],-673,-3985,3312
[-7095 -4027 -1389 8408 -7588 -6040 3846 1766 1094 8388 1521 -2906 9751 5802 5988],9482,1094,8388
[1770 -7096 6363 6456 6342 -5454 -4599 -8792 -3855 6796 2057 -1315 -8140 -4843 -3418],-1777,6363,-8140
[-5323 6608 -7131 -9233 6800],-12454,-5323,-7131
[2503 33 3042 -5242 5266],24,-5242,5266
[4057 3695 -8088 -7689 -1725 7079 -6020],-14108,-8088,-6020
[-18 -1241 2195 699 -9516 -4244],954,-1241,2195
[401 38 1342 6633],1380,38,1342
[3180 8495 -5519 8813 -1740],7073,8813,-1740
[-8421 -8919 2377 -8176 -4392 6913],-2006,-8919,6913
[-9927 9513 -9675 -1912 -4781 -7510 -7939 -8690 -5672 2404 3094 -10 3638 5694 -4943 -9780 -8325 1745],-16629,-7939,-8690
[-5819 6752 9458],933,-5819,6752
[5947 -375 -1898 8457],14404,5947,8457
[-49 -5338 -2441 4728],-5387,-49,-5338
[9599 -8186 -4696 9071 9699 3648 -7255 6467 349 7555 4043 742 6581 -834 -8113],1486,9599,-8113
[-5902 593 -9988],-9395,593,-9988
[-1451 1070 -1931 4528 -8121 -6321],3077,-1451,4528
[-7283 6814 1692 9926 -2719 -1088 8539 -5362 9058 9806 -5442 -9149 -7055 7419 -4690 -5930],-12985,-7055,-5930
[-5512 7689 -4195 -9434],-9707,-5512,-4195
[-925 7223 -8365],-1142,7223,-8365
[-3397 1087 6393 -4698],2996,-3397,6393
[-9818 769 -6232 5198],-16050,-9818,-6232
[4222 842 -6984 -2169],-1327,842,-2169
[-913 2980 -2418 3208 -1889 -1875 2209 -1990 -8702 7898 5341 -1302 -6112 -667 -5580 -2066 411 -6975 307],1678,2980,-1302
[9930 -6671 5107 -8905 -5753],15037,9930,5107
[2264 101 -632 -9964 -5679 -1574 4671 -8586 3644 -2915 -5361 -6029 1856 -2328 -6253 7119],3745,101,3644
[9717 -1728 -4530 -1616 -6897],-8513,-1616,-6897
[-2591 959 -4836 -9201 8577 6876 9763 -8721 -8678 -3317 -2889 -874 3740 5596 9752 -2315 7970],-1356,959,-2315
[-9415 -8253 -9969 1827 255 -1082 2417 -3114 -3106 -9994 3202],-2859,255,-3114
[8826 1612 1738 -2215 -7859 -4469 4447 9249 3899 -233 8121 209 1523 3581],12568,4447,8121
[-8154 5933 6517 -2713],12450,5933,6517
[-7108 4888 -2562 4308 -8597 4680 -2298],-15705,-7108,-8597
[-5830 -4455 -5237 6630 -4042 4752 5766 3766 7322 -436 -1584],-64,-5830,5766
[-8489 -7056 5299 447 -4553 -4609 -6504 -6201 -1316 -8136 -6490],-16625,-8489,-8136
[8279 -3788 -785 -5330],7494,8279,-785
[5813 -2587 615 3098 2912 -950 -2690 9267 -9321 2914 5494],14761,9267,5494
[-8353 -3198 -2171 5753 -2156 3592 2060 -4743 2591 -3432 7376 3023 -8068 -8754 7446 -475 -759 7750],9810,2060,7750
[3365 2508 7596 -8079 -9725 -1831 -8668 -6453 -4709 -6786 7713 -3390 8795 -6706 -2672],-9910,-8079,-1831
[-3552 8247 -5396 5670 8939 -6833],13917,8247,5670
[3407 4622 8160 3555 -1622 -9418 -7615 -6828 -7695 -6701 5041 -6835 -4011 273 4857 9437 6933],11790,4857,6933
[4320 -8651 -5742 -8812 7374 5972 5781 -5154],230,-5742,5972
[7254 1239 6157 -4703],13411,7254,6157
[4089 908 -781 6495 2415],5714,-781,6495
[5993 7772 872 -8228 -8875 8086 6080 -348 6477 -9603 74 -5331 -5438 -3094 -2810 5236 4883],-1103,7772,-8875
[-5088 -1173 -1133 -5986 2798 -9179 -1179 -913 -2246 -9596 9680 7456],-6381,2798,-9179
[-6044 -8771 -2248],-14815,-6044,-8771
[4287 -4369 1674 5882],10169,4287,5882
[-5531 -323 -8961 6077],-14492,-5531,-8961
[8787 4986 -1971 -4710 -2541 -8119 -3560 -6016 -3168 -9885 -1368 4280 -1620 1265 3796],5545,4280,1265
[1807 6027 4292 -3977 1932],-2045,-3977,1932
[-6551 -2487 -32 -1972],-6583,-6551,-32
[-5906 6369 -7419 654 4824 -2269 -1629 -8807 -8983 -7406 535 1626 -8233 -330 -2182 -5011 5644 -3202],-7280,-2269,-5011
[8711 -300 1325 2082 -9389 3807 -2455 2588 6582 -9089 906],-5582,-9389,3807
[4138 -3054 -4513],-7567,-3054,-4513
[8240 -6485 -7643 1838 4829 744 -7610 -4194 -8375 -9028 6270 4124 -1821],2076,-4194,6270
[-6170 -9038 -3938 2803],-1135,-3938,2803
[-8466 602 -8996 -9608],-18604,-8996,-9608
[9621 -302 -7752 374 -8309],-16061,-7752,-8309
[9898 -1505 -3903 6948 7627 -7174 6326 -3617 4879 -8651 9574],13274,6948,6326
[3567 8768 -9651 4451 -5262],-1695,3567,-5262
[-1704 9278 1147 -5878 -1475 -4851 2061 1219 179],-5699,-5878,179
[-9096 2063 746 948 6586],-2510,-9096,6586
[-9142 7528 527 7320 -6790 4422 4784 5755 3935 1711 -1242 -7145 -3637 7626 -2613],-9403,-6790,-2613
[-6354 1284 6181 -5127 -6180 -6422 9014 -4605 5484 8320 -4116 -6408 -5455 -4490 1448 6769 -5674 -2693 1024 5567],962,-4605,5567
[1161 -7437 1284 5981 5361],-6153,-7437,1284
[578 1792 9360 -1905 -6675],-8580,-1905,-6675
[4407 -3235 -7737 -6686 8475 -8534 6559 4933 814 -460 -7403 -7306 -9730 7881 2283 3310 8994 -2740 1872],-6251,-8534,2283
[7819 413 6656 7330],13986,6656,7330
[9148 3757 -6246 -2876],6272,9148,-2876
[2706 405 -4083 1777 -3676],-970,2706,-3676
[-6154 6864 -8408 -7128 1001 -2232 -7302 5372 5927 -4333 -7202 -1389 -9275 -2511 -8776 -135 4626 8627 -2753 8922],514,-8408,8922
[-2205 155 -2425 3061 -2836],3216,155,3061
[-7438 -2842 4178 701 166],-3260,-7438,4178
[-3840 8941 -6279 9173],5101,-3840,8941
[-9136 -5108 -7277 2687 -2168],-4590,-7277,2687
[-2065 -154 2024 4180 4269],4026,-154,4180
[-4879 -8067 -6287 -3742 -3715],-11782,-8067,-3715
[-1289 -7186 1786 7955 -8233 -8930 5677 4040 6757 4207 3813 4378 -4737 482 -6300 3624 5208],497,-1289,1786
[-1482 1329 -9621 -3540 1625],143,-1482,1625
[-3728 3838],110,-3728,3838
[-5392 6539 9653 3257],16192,6539,9653
[2147 -8233 -6501 370 6201],-6131,-6501,370
[-1113 -8465 6630 4864 8281 7869 -1089 -6451 -3771 4895 548],-7564,-1113,-6451
[-1965 -4743 8526 -9981 9794 -6002 -806 -1986 3375 5957 1527 8257 9810 -7573],-3216,-4743,1527
[-4150 9031 -1160 -5431 4068 -5026 703 -5473 2637],-10457,-5431,-5026
[6425 -6328 -2760 5500 -9517],-12277,-2760,-9517
[-2435 491 9517 -2497 8622 360 -1836],6125,-2497,8622
[8019 7816 7443 -1647 3807 1648 7304 2965 3982 8988 -2239 -6819],11798,7816,3982
[-4760 6354 3031 4337 -5938],416,6354,-5938
[4238 9294 -4738 -4266 -9711],5028,9294,-4266
[4193 -4268 955 3774 8719 985 -6959 -214 -6672 9152 -2608 4589 8716 -6910 -5045 -6146 8268 -1155 -809 8347],4884,-4268,9152
[2593 3574 -7199 3579 -7096],-3522,3574,-7096
[-5291 -6273 -2632 4197],-8905,-6273,-2632
[2209 -2184 3802 3789 -6412 7499 3667 7253 8154 1219 -9153 -9335 -3199],1605,-2184,3789
[-2742 -9744 1289 -5001],-12486,-2742,-9744
[3210 1388 1480 8831 -5225 8022 6623 -4704],10311,1480,8831
[-8129 3886],-4243,-8129,3886
[-9484 2041 2918 9454],11495,2041,9454
[-3785 -481 5363 -543 4186],3705,-481,4186
[9822 5078 7385 5030 5733 -9329 8800 -9091 2018 6113],14900,9822,5078
[-5060 6986 7855],14841,6986,7855
[-8511 -2041 9973 209 3978 -2468 -6673 5797 -7658 -2132 -2967 741 -3524 161 3149],-2695,3978,-6673
[-4767 784 7923 -1327 4450 9468 -3003 -8954],-2219,784,-3003
[-1844 3118 -2337 -2834 -9756 -9672 1284 2564 9722 1327 3533 660 -3643 5439],1944,1284,660
[-5241 -9463 -8020 9880 6208 -7430 6551 7392 7435 -9467 -7047],13986,6551,7435
[-1398 3952 -7300 3177 7044 -6478 -3105 6083 -1400 1411 7825 3834 -3092 114 8589 -2338 6293 -305],2978,-3105,6083
[704 2155 3572 -9368 -1646 1787],1926,3572,-1646
[-7683 4465 1274 3249 -5318],-853,4465,-5318
[4267 5587 -3468 668 6180 519 -8114 -8002 -7301 656 6934 -7416 -9562 -694],-17564,-8002,-9562
[-5112 -2115 -4770 -5472 -3385],-8857,-5472,-3385
[-4437 6072 9247 7302 -8720],16549,9247,7302
[-5111 -2913 1507 -369 -2065 5234 -2638],-3282,-2913,-369
[-3025 4780 -183 -4268 -9640 9295 -8184 -3337 -1452 8114 -362 -5183],14075,4780,9295
[-185 9684 4953 -2830 -4430 709 1481 -5049 9188 4042 8426 -4098 -6513 -4857 5239 -4061 527 -4569],-10574,-6513,-4061
[7261 -3774 -68 6686 -7942 -6951],-8010,-68,-7942
[3432 9353],12785,3432,9353
[1701 5900 -3421 -6387 3575 3396 -5403 -6852 9490],4087,-5403,9490
[2519 9787 9752 2054 -6830 5385 7939 -3343 1612 -5348 239 -9369 3468 987 -3764 -8405],-3362,-6830,3468
[1347 -9277 -4429 -741 9853 -8213 -2196 -3778 3958 8737 1579 3891 7993 -6403 -1348 -9193 -7981 4735],-12971,-3778,-9193
[-2860 -798 1841 -2812 4469 -7393 2395 6847 5896 -4295 4416 -7579 5171 9118 2606 6116 -3323 3916 596],5767,5171,596
[-5556 3027 6396 4701 4450 -205 -6430 -2637 -9694 8594 3174 -2547],9151,4701,4450
[-1270 1161 -5467 -1593],-2863,-1270,-1593
[-6076 -6103 -6253 5636 2225 3305 1379 4042 -2473 4687 -78 6756 -8196],4684,3305,1379
[-2980 1588 6747 9230 -3785 -5215 2986 5874 135],-1392,-2980,1588
[-6132 -9688],-15820,-6132,-9688
[7908 -4114],3794,7908,-4114
[-8472 9550 1523 -7308 1909 7494 -895 9379 4997 9598 1766 2599 6657 -5265 9949 1583 6100],6580,4997,1583
[9685 7119 -8883 -9368 1526],-1764,7119,-8883
[-6876 -7649 -1272 -5739],-14525,-6876,-7649
[5205 9108 4967 7465 -9200 -3666 1919],6886,4967,1919
[9499 7170 1168 -2816 -4015 1795 5878 9162 1847 -9993 -6123 1923 -3511 8385 -9774],4370,-4015,8385
[-3363 -1998 9967 7163 6493 -4435 -9101 8143 -9394],-6433,-1998,-4435
[-4215 9734 -7808 -1079 -2483 3567 -8067 -2941 7632 4706 7307],-3102,-7808,4706
[6219 -1637 -8643 -8839 -9863 3381 -5043 -1545],-6482,-9863,3381
[8867 1818 -860 -7959 2490],11357,8867,2490
[6685 9716 -881 -5200 -8420 -2221 9348 -8029 -334 3673 -437 4213 3294 -6742 -7936 -9220 -2610 -4909 -3037],6738,9348,-2610
[-3663 2016 118 466 -7858 1403 3400 5650 -1620 -8686 2527],-12349,-3663,-8686
[6659 1136 1746 -923 -7164 -2257],-505,6659,-7164
[-1945 -7687 2597 -3151 -6438 612 -1274 1774 -349 -1946 2864 -1321],-2295,-349,-1946
[-1868 6305 -9926 9187 6855 -8358 3077 -7335 -9159 -3452 -3935 6490 1183 3325],-7387,-3452,-3935
[8948 -7377 9460 4803 -1973 2475],-2574,-7377,4803
[-276 275 -2468 8432 1352],-2193,275,-2468
[-5181 5174],-7,-5181,5174
[8067 -6548 1020 296 -240],-5528,-6548,1020
[4067 -3325 6681 8661],12728,4067,8661
[6479 9175 -2611 -8141 -3748],-10752,-2611,-8141
[-1582 -3393 -6270 7483 8898 3813 6096 -3878 -4240],4658,8898,-4240
[4522 1839 6163 -5153 3876 6768],8398,4522,3876
[-102 9535 6065 -9471 8427 5162 7553 -4411 7094 6399 -9042 969 -8568 -6090 6522 -1709 -4041 -1849 -6597],2111,-4411,6522
[383 -1192 -8420 -6510 3581 1690 9813 7073 -7107],3303,-6510,9813
[9468 2909 6025 8879 7079 4596 1432 -7387 -1445 -8702],-13,1432,-1445
[-4291 -8868 8573 -6936 9255 -3599 -1969 8186 -2132 -7239 2756 -4772 -937 -586 -9316],-16107,-8868,-7239
[4862 1399 5169 2350 6303 -6622 -3697 -4508 -7886 -8843 -4471 1740 9717 1783 69],-4439,-4508,69
[9062 -4784 8015 -5502 9284 -3886 -154 -7569 9635 -1245 -7364 5936 5097 3873 3723 -4462],6770,8015,-1245
[-4652 -3577 -2718 -8996],-7370,-4652,-2718
[-1652 -9933 -7734 -7886 -3333 2011 2558 -2077 -3709 6900 1529 2894 8698 8369 -1515 -8059],-775,-3333,2558
[5118 -5369 9309 -4420],-9789,-5369,-4420
[7202 -1848 4719 -3015],2871,-1848,4719
[6596 -6893 3186 2663 -75],-4230,-6893,2663
[-655 7374],6719,-655,7374
[-5703 5450 -2783 -5709 -7730 7684],-8486,-5703,-2783
[4550 1514 6584 4327 340 862 -3469 2056 -139 -884 -7126 -8531 7975 3732],8315,340,7975
[-9243 -558 992 -8731 -4011],-3019,992,-4011
[5858 -4097 2456 -952 -2621 -1799 -2340 1237 8958],-4139,-1799,-2340
[7858 5432 2908 -8833],13290,7858,5432
[-8251 6769 -3827 -1904],-5731,-3827,-1904
[-5201 -5013 1128 3167 -8121],-4073,-5201,1128
[-9324 -4427],-13751,-9324,-4427
[6709 4555 -4713 -4621 -4484 -1922 -9844 -6803 -7131 7780 -8559 -1707 623 5943 -7001 -1449],-14465,-4621,-9844
[-9750 2256 -6831 7726 3777 -3238 -1491 -8396 8780 -8746 306 -26 3858 -6094 2224 3140 6225 -3217 4396],-7526,-9750,2224
[7559 1483 -4008 8323 8135 -6228 -5725 6685 2008 -505 271 -6386 9830 -1421 7557 3835 7975 -7334 1301 -3315],5843,2008,3835
[2916 7071 -3711 -6929],142,7071,-6929
[-3429 -1423 -8319 7429 -2950 7738 -6730 7756 -8494 -7236 -9360],1008,7738,-6730
[4041 9347 -2222 8220 1133 -9694 -7903 -6367 6662 8178 5299 4366 -742 430],12544,8178,4366
[5763 -5215 -6765 -300 -3944 5794],579,-5215,5794
[-5923 -2281 -6140],-8421,-2281,-6140
[-1302 2116 9567 -4850 2484],4717,9567,-4850
[-8173 -6604 6539],-1634,-8173,6539
[2938 8538 -8109 -5501 1309 6229 -9992],429,8538,-8109
[9211 9816 -5515],3696,9211,-5515
[-4157 6337 9327],15664,6337,9327
[3950 2005 6374 -1864 -1926 4118 -4215 5410 -9485 -7298 7030 -736 3816 7009 -3924 9315 -3349 -1378 -7771 6457],2017,-7298,9315
[5785 -341 -124 -1173 1362 1182 -5742 -8407 -8635 -228 863 -4414 -887 3953],-4454,-8407,3953
[-5183 -5911 -5636],-10819,-5183,-5636
[6088 -4038 5149 9642 8568],4530,-4038,8568
[6066 1308 1122 -2526 -9689 -8192 -1589 7948 -516 -3325],4477,6066,-1589
[4418 960 -6303 -2155 667 -530 1466 -719 8592 -2317 4971 -4359 -3024 9247 -5746],137,667,-530
[1012 -6075 8458 -2947 4787],5511,8458,-2947
[-2404 8799 -4486 6835 2974 -3584 3987 5231 -1080 349 -757 7426 6206 4659 -5348 -4052],11437,5231,6206
[-2995 3581 -6829 5657 -6160 8878 7070 6441 7598 -13],14535,5657,8878
[8789 -9964 -6668 6223 1386 4787 -7152 -2510 -5330 9514 -6768 -7447 -2554],10900,1386,9514
[2921 4965 8957 -987 9806 8347 -5087 9260 -5713 -4964 875 -9886],4842,9806,-4964
[-982 418 -5221 5426 3089 -7913 -8887 -6885 8696],7714,-982,8696
[7895 9819 -1933 -4239 4203 1502 -9502 2878 8879 6857 -315 6394 6176 5327 -4982 -6209],3610,9819,-6209
[-1360 4601 1084 5572 -2191 2016 -3485 563 102 -2320 -982 -6558 -8162 -991 715 -5813 -5513 7118],5685,4601,1084
[8002 666 5373 9829],17831,8002,9829
[637 -8778 8953 -3800 -8046 3801],4438,637,3801
[6662 108 9702 -3012 736 -4846 6051 3490 190 -4325 -4072 428],-7084,-3012,-4072
[4130 651 -2114 -2313 -749 -548 -2684 8379 4588],-4798,-2114,-2684
[6422 8669],15091,6422,8669
[-8513 541 4742 1381 -8951 1907 561 -8301 3943 -4369],-17252,-8951,-8301
[3584 9280 -810 -4807],-5617,-810,-4807
[-6131 2145 7170 -4073],9315,2145,7170
[8516 7303 -3011 9820],17123,7303,9820
[8408 -1212 -5816 -857 4816],-1000,-5816,4816
[-1325 -9473],-10798,-1325,-9473
[9378 4990 2023 7335 -8572 7600 7938 1960 -1900 646 -3803 9708 9088 -7584 5815 5308 2267 9093 -296 1942],516,-8572,9088
[5440 -2679 6019 -6803 -3530 -1957 -3114 9963 7296 9792 1667 8 -7545 -7825 7700 1723 2318 5982],7304,7296,8
[31 8987 9716 939],9018,31,8987
[8474 7832 -9926 -8440 5135],-3305,-8440,5135
[925 3500 4989 2979],8489,3500,4989
[-3686 5432 -1944 -4895 -7909 63 9411 -2782 -7943 -1358 2286 -8170 -9346],-16079,-7909,-8170
[6217 -3275 5384],2942,6217,-3275
[1774 -332 1787 -52 -2314 -195 2522 273 -896 -6553 -1308 5699 1310 -8750 -9832 -7320],1583,273,1310
[6557 -5584 8126 4284 8226 7796 1827],2542,-5584,8126
[-9166 -3017 3120 8783 -5335 8092 -6974 -5934 126 8192 5356 -7686 5032],-10703,-3017,-7686
[-9248 2930 6311 -3352 -2565 -7848 -4001 -7374 -862 -5771],365,2930,-2565
[8436 -1413 5735 -6028 -7754],-9167,-1413,-7754
[2504 -7216 4659],-2557,-7216,4659
[3674 716 5534 2235],2951,716,2235
[5612 4867 4853 -2658 9933 5271 -6968 6725 1544 29 -4727],6411,4867,1544
[2882 -842 5517 -4918 4383],7265,2882,4383
[-4448 -622 1424 -4011 -1999 -24 -8877 8308 5247 6812 4623 -5871 -6489],-1248,4623,-5871
[-219 -9996 9837 -2103 -4333 1408 9430 -5346 -2076 6050 -3127 1850 -1000 -6953 3568],-5333,-4333,-1000
[8671 -9377 9494 -1751 1614 -4541 9485 1776 8424 -7440 -4899 -4316 -5769],-9440,-4541,-4899
[-5489 -4755],-10244,-5489,-4755
[-6043 944 6349 1109 -2824 -8044 -8022 -3791],-10868,-2824,-8044
[2172 -8013 -9316 -1509 -8726],-16739,-8013,-8726
[7893 -2024 1797 3262 -4996 4307 4082 1953 4915 2583 6866 865],4842,-2024,6866
[2064 -5190],-3126,2064,-5190
[1792 -9316 -346 -7625],-5833,1792,-7625
[9227 3056],12283,9227,3056
[-1783 5499 5608 -2453 -4721 5863 -8638 -8384 -2739 5565 5403 521 7130 6154 842 -1030 6602 3971],3716,-1783,5499
[5472 8938 6464 2557],11495,8938,2557
[2645 3207 9955 7917],13162,3207,9955
[-8289 4747 4145 -3640],505,4145,-3640
[9377 9333 -7414 7476 110 6966 -7774 -2088 -9254],16853,9377,7476
[-6076 180 3393 307 -7611 -6324 5862 -7629 -7332 6475 -1068 -9105 8433],6169,307,5862
[6041 3550 -3630 -3116],-6746,-3630,-3116
[-3345 -6537 -8600 -4013 -5926 2196 -5420],-9433,-4013,-5420
[4080 -4277 7135 4482 -6987 6985 1262 4736 -1927 9232],7305,-1927,9232
[9674 6360 -9551 -1306 -4672 -654 -1445 -1175],-10205,-9551,-654
[1536 -2825 275 921 8933 -6650 3393 -5052 -9149 8878 -8422 -1167 5569 4299],3668,275,3393
[9630 -1339 330 -1778 9081],7742,-1339,9081
[-4719 1015 5172 4434 -4278 -2719],-8997,-4719,-4278
[-8783 -3432 3577 -5997 -2155 8193 -8048],4761,-3432,8193
[-6641 -7460 -9073 -8615 -1901 3774 -3604 -1879 -4708 7150],509,-6641,7150
[9270 5834 -9355 -1355 -4425 4012 7661 6529 -2673 1384],2657,-1355,4012
[9808 -442 1772 -5867],11580,9808,1772
[-5060 -3441 -1843 9378 5923 3214 6991 -7871 -2027 -2343 -9299 -9133 -7477 5579 2078 4364 -398 -4885],-12362,-7477,-4885
[5937 8933 1765 -2205],6728,8933,-2205
[4700 3657 -4278 2593 3867],6250,3657,2593
[-859 9913 -6221 -7007 -2269 8826 7316 -6693 -6652 -1127 8525 -5321 -5786 6749 -9824 -2492 1433],15841,7316,8525
[-998 6361 5598 -3692 5631 -8789 -8025 6813 356 -2244 8240 -5424 -5784 -7759 -2680 -8296 2111 2509 -6413],-1581,-3692,2111
[-1827 -8054 -6560 5579 -9036 4478 392 -5109 -3147 7111 8924 5056 -3877 -7454 -9590 9477],-3980,-9036,5056
[-3560 9633 -423 -7535 -9321 4001 -2735 -8976 1917 6044 5610 7162 -7844 -9378 -5620 8154 -1422 -8032 -6707],6739,-423,7162
[2486 -7003 -5116 6124 550 3935 -3408 8701 8174 1392 3926],-8524,-5116,-3408
[-7810 -6135 700 4321 -3723 8412 4252 -4144 6034 2766],-957,-3723,2766
[1930 2831 1772 3771 -1156 1410],3340,1930,1410
[5331 -1350 1584 -3113 5698 -9871 -3156 -2668 -8970 2628 -267 -8919 1815 454 -852 -42 -5858 -3473 -1798],-3148,-1350,-1798
[-2355 -6731 -5154 -9443 -1169],-7509,-2355,-5154
[1679 -2907 -1433 -1634],-4541,-2907,-1634
[-9190 -3847 9767 -7262],2505,9767,-7262
[-6303 -3617 -7441 -2121],-5738,-3617,-2121
[3027 424 1487 -478 7051],4514,3027,1487
[2684 2215 -1948 -7281 9428 -8117 3005],12433,9428,3005
[-468 -8789 7198 -2724 -2800 2165 806 1414 3636 -9771 -9026 8660 6299 -3893],-5390,3636,-9026
[3849 -6846 1655 -7056 9140 -221 -6636 9380 3464 1262],-2997,3849,-6846
[-3458 8947],5489,-3458,8947
[7155 4526 -5904 4230 9924 -8101 6941 -7702 -3566 3877 5935],-3176,4526,-7702
[-5637 1283 8437 990],2800,-5637,8437
[5925 -3641 2355 2854 -565],1790,2355,-565
[2087 -7222 -5367 1282 -129 238 9700 -5987 638 -7702 -269 -1435 353 -4681 -2698],2440,2087,353
[-1831 2125 -7526 -8535 -1706 -9651 1566 1308 -8776 -724],-9232,-7526,-1706
[2455 -3038 9683 9686 808 3706 7057 7633 -645 -8756 -6975 6040 -3273 3773 3798 -1438],760,-3038,3798
[956 -6986 4336 -7342 8649],1307,-7342,8649
[-498 9950 -2618 1943 3911 -1094 1860 -437 7572 -5420],-758,-2618,1860
[2642 4373 -309],2333,2642,-309
[7105 512 -6819 16 -2999 1036 -6089 -3302 -6312 9958],-2790,512,-3302
[9129 -8919 -8609 2163],520,9129,-8609
[-1411 1135 -5540 7905 941 1441 -2094 -9041 -7931 4488 -8179 -3680],3077,-1411,4488
[6793 2349 9250 -9227 4479 8241 8445 4615 5172],11272,6793,4479
[957 -4028 1332 235 1663 2677 -9400 -8932],1192,957,235
[-3001 -6432 5859 -5050 4017],-573,-6432,5859
[922 -3568 -7890 -3723 -1515],-11458,-3568,-7890
[-1282 3571 5719 8217 -4991 -5581 -7238 -6857 1709 -8402 -613 -4221 -1880 2182 2092 -5895],-5529,-7238,1709
[-5047 -5831 3909 -2426 -8387 -9696 306 5439 -9603 8061 3359 -2005 2461 -3175 2723 3654 7896 7405],-1688,-5047,3359
[9277 2318 -2199 -1282 -2365],1036,2318,-1282
[-7888 2277 4863 -9688 -7950 2528 3110 7739 7345],-5673,2277,-7950
[-7660 7614 8157 -9689 -701],6913,7614,-701
[-5711 7869 -3819 3915 5565 -9886 -2390 151 -8349 -5666 1843],-15552,-9886,-5666
[1619 7382 -8464 -4898 3433 6584 10000 -3887 -3860 3015 4515 6427 -4803 9709 1427],6113,10000,-3887
[3366 8041 1985 -2240 6956 6553 5984 -8389 7129 -5172 2458 288],1381,6553,-5172
[6358 -2839 -6000 -2102 4760 8421 8797 8137 -2971 1643 -4820 4195 -5341 -4391 4251 -7344 7983 2456 -769 -9990],16558,8421,8137
[7613 6836 -1972 -5647 4989 -1761 -7227 4263 4483 -1675 -3283],5161,6836,-1675
[-8444 5110 -3831 6013 4584 -4215 5838 2608 9765 -4081 8233 7291 -5454 9240 -8389 1302 549 -7629 -50 5292],1077,-4215,5292
[-2080 4646 -7918 -7907 -6720 2847 -4629 481 -3928 7846 9238 454 6753 -744],-8557,-4629,-3928
[-7500 -6594 3127 -3904 -7297 -6243 -2797 5322 -3546 -220 -7947],-2625,5322,-7947
[-6105 4228],-1877,-6105,4228
[9918 -80 4031 5291 -9742 5742 5549 -9215 -3943],10840,5291,5549
[-2085 -4012 4618 -3652],-5737,-2085,-3652
[-362 5570 6585 -3395 1448 3926 4300 -8455 8472 -1572 -7721],-10027,-8455,-1572
[7376 8455 -8185 6893 7246 9246 8121 -1181 1179 -2282 -2551 5410 -8884 7714 -8824 3467 -3987 6941 -5493],-12871,-8884,-3987
[3754 6772 -1223 -5035],10526,3754,6772
[-9089 9922 3564 -3263 4808 -8213 -1884 -5935 5842 -2702 1890 4685 -8878 3866 -1033],301,3564,-3263
[-5496 -4101 -3498 -3061],-7599,-4101,-3498
[-2059 -6932 1926 -1196 -4719 -7951 -1967 5720 3341 -3000 -6374 4234 -9036 -1891 1467],-1378,-4719,3341
[8206 -27 -7381 -9582],-1376,8206,-9582
[2826 6666 -3395 1870],-1525,-3395,1870
[-6657 -5802 263 -8842 -1435 3763],4026,263,3763
[5421 1806 3425 -2668],7227,5421,1806
[-8290 -2425 -7532 -4076 -1174 -1363 -8563],-3788,-2425,-1363
[-1810 -6181 -5929 5367 -6692 -5273 -6579 -985 5725],-854,-6579,5725
[3093 9652 6733 882 2008],5101,3093,2008
[4480 -1079 -2171 118 4712],2541,-2171,4712
[3809 9743 -757 -9137 2009 -5585 -1113 4505 -6226 -8810 -7048 6041 8949 7374 9334 9583 9107 9291 -9633],2535,-7048,9583
[5146 -5452 4023 -7323 7912 3400 1712 9186 34 -1183 -720 -2437 -8481 940 -7339 -3761 -3987 7052],-287,-7339,7052
[7899 1542 399 -8922 -209 7829 4236 9313 -7097 841 -2250 5650],14963,9313,5650
[-6101 -5297 -6100 3335 9874 1443 5360 -62 1687 -2980 -2730 -4919 7397 500 4855 -8700 8245 2019 -1864 -8624],-11019,-6100,-4919
[2491 5116 -1274],3842,5116,-1274
[9166 -9246 -1437 -987 9626 -7650 3497 5532],18792,9166,9626
[-3791 -781 9658],-4572,-3791,-781
[-3569 7152 3073 1420],-2149,-3569,1420
[-6099 -2319 6413 9028 9699 -9673 -5455 -6736 -1178],-15128,-9673,-5455
[-7419 -7370 -7687 790 -9093 -7788 -8553 -270 757 2172 2009],-16780,-7687,-9093
[-3714 -2862 -4588 -4053 3988 9236 -553 1269 -349 6745 -8085 5986 -9566 4356 2769 -5849 2470],-232,-4588,4356
[251 5498 -3677 -6618],-1120,5498,-6618
[5826 -2785 364 5043 2585 -136 6930 4296 -7569 5990 4107 2056 5739 9478 6524 4192 9499 6210],10506,4296,6210
[3520 9685 2671 -2378 236 6112 9204 -9182],18889,9685,9204
[-6316 6133 -1001 -5844],5132,6133,-1001
[-1303 563 7002 -9520 -6031 463 -1661 -6612 -592 -851],-10371,-9520,-851
[1381 -5200 6711 -7911 -2885],-8085,-5200,-2885
[-4037 -467],-4504,-4037,-467
[-4795 -6937 8502 2354 -5343],10856,8502,2354
[-284 9670 3851 5685 2306 1199 -7301 -402 1947 -8722 -1993 9805 -4364 4430 -5474 -3239 -9497 3796 -3135 102],2022,-284,2306
[5398 -1595 -1142 -2979 1378 5501 7454],12955,5501,7454
[-7338 111 -6500 -4205 -9054 -1683 2580 2786 -3963 9411 -7376 -6622],2897,111,2786
[-7689 -9424 -3374 -9991 1198 -7070 7089 1741 -4539 -622 2875 -3057 -7862 -9921 -1037],-11609,-7070,-4539
[5383 -4059 -3746 -17 -4060 -2110 2600 2111 5080 2545 6351 9781 -2761 -1279 -1514 4916 -6663 -2400],856,-4060,4916
[-176 8981 -4863 -873 5414 8943 9593 1841 4706 9951 9502 3463 4880 -3798 3461 7299],8343,3463,4880
[5388 -7635 -4699 -3788 -7393 -3602],-11237,-7635,-3602
[6051 -3427 -808 6124],5316,-808,6124
[1450 -5688 -9165 5624 8098 3674 4877 7526 8995 696 8055 -1905 -8405 1154 5488],7074,1450,5624
[-1105 9295 -3735 7271 -9152 -3166 8765 -1013 9241 9649 -6042],1229,7271,-6042
[-5022 -3896 -4916 7404 -9038 655 -7759 708 7828 7710 6119 -7713],13829,7710,6119
[-3443 -5611 -8836 6621 2900 -8198 7863 -3613 7979 -2040],3178,-3443,6621
[1035 6519 -1595 -7478 3364 -8342 6911],1769,-1595,3364
[9744 -4019 5088 -9589 3894],-13608,-4019,-9589
[-6058 -3558 -3008 2181 -385 -3900 -5735 2972 -538],-6273,-5735,-538
[2066 -9188 8366 6990 -8024],-7122,2066,-9188
[-4563 2179 8159 -8022 -9193 3106],3596,-4563,8159
[-3407 9735 -4912 -1616 717 2060 2271 590 -2154 5568 9928 9383 8760 -9274],2988,717,2271
[4060 -5216 1288 -1424 6713 -2660 4297 2528],-7876,-5216,-2660
[-9340 4422 7824 -2030 4673],2392,4422,-2030
[-3160 -8356 -3820 -54 3328 2958],-5028,-8356,3328
[-3409 2765 -8426 7034],-644,-3409,2765
[8033 -243 3398 -8502 -5121 5222 9284 6020 -6979 -4575 -271 -1587 8709 -462 7222 7267 1650 9905],-1757,5222,-6979
[9435 3195 4688 7294],16729,9435,7294
[-9948 -6396 -3661 -4794],-14742,-9948,-4794
[6422 -8252 -7660 -1347 3949 -397 3314 -2499 427 9732 -9028],13681,3949,9732
[-7007 -3366 993 7033 8826 8234 -3022 3430 -2343 456 6521 1393 -8914],-486,-7007,6521
[-9931 -8407 9674 -5618],1267,-8407,9674
[8603 7626 -1070 -3944],3682,7626,-3944
[1153 2104 -1783 -3314 9382],6068,-3314,9382
[5995 7157 2896 4639],8891,5995,2896
[8239 9337 1110 7301 2218 1155 609 1784 1333 -181 -6468 -1115 5530 3107 -2613 2342 7764],9548,1784,7764
[1304 8607 2101 -8124 -4672 -6171 8296 7485 6994 -2064 9123 7285],-10188,-8124,-2064
[-7039 -1446 -5618 -8553 3827],2381,-1446,3827
[-946 9316 7993 4264],3318,-946,4264
[4003 -8913 -9760 5926 -2630 7582 2110 4434],13508,5926,7582
[7075 -8625 -7462 -1620 -5454 -382 2613 -3536 -2724 1726 -4795],2280,7075,-4795
[9020 9488 511 8297 -2006 -2424 -4735 -3462 8821 -2645 -5859 123 9614 -3881],-5887,-2006,-3881
[8207 -8074 4635 -3487 1435 251 1763 3764],1686,1435,251
[2219 -2403 -7130 9823 9700 -2163 -1482 930 5200 99 1656 -7661 9448 -1798],7285,-2163,9448
[-8752 3601 6579 -7574 -6112 -2021 6126 -1108 -8790 -2613 6322],4301,-2021,6322
[-7143 -3013 4280 -1590 2570],1267,-3013,4280
[1985 9502 5723 -6958 -5471],4031,9502,-5471
[-140 1808 -3455 -5607 -7149 7596 470 -4725 -8763 2480 7296 6485 -2345 -3517 6720 6200],3265,-3455,6720
[-7578 6622 -6011 9309 -1567 -7217 -4544 7497 -8567 -6041 -9610 -6623 3611 9577 9872 3047 -715 562 -4524],10544,7497,3047
[1448 8404 4598 3959],13002,8404,4598
[6967 -5863 -8312 -8665 -718 -353 -6836 -8074 -3694 -5855 -9110 1662 -6586 -8551 -2594 -6580 -3938],-9549,-3694,-5855
[-7221 -7463 -3635 5974 8669 8654 3150 -3775 -177 -3990 -3233 1983 4551 6287 335 -354 -4178 -7338 8487 -8300],-4532,-354,-4178
[-7437 -4873 -6686 -9821],-17258,-7437,-9821
[3523 9021 8367 7068 -4965 -6715 -2876 5255 -1052 -8455 -2248 -7914 7910 8459 9651 -1863],1195,-6715,7910
[-7870 -4670 1736 -8977],-7241,1736,-8977
[7146 -904 -7584 -8819 4718 -1809 -7961 6141 4691 5896 -4521 -11 -8141 733 9468 9911 -5468 207],10614,4718,5896
[-4338 -452 -9641 -8703 -5245 -8923 -4443 -4663 7574 3919 4908 6189 -1793],465,-4443,4908
[8840 -2484 948 7652 -7447 4157 -4376 3716 4616 1024 6343 -7317 8874],1967,-4376,6343
[-1996 -4729 -7014 3809 -3279 -5256 4990 -8190 -9281 -7816 -1123 -5965],-12560,-3279,-9281
[2375 1181 -6600 -8569 -1109],-9678,-8569,-1109
[7012 -7838 -9035 868 5325 -2209 8681 -7130 -4520 7311 -8323 1643 7451 -7927 283 -1192 -2767 -652 -5727 8002],-369,283,-652
[8163 3065 -5299 -8264 -7775 -1955 -6512 2402 -9265 -2706 614 4461 5989 8295 7101 -2288 -2240 -7368],1110,3065,-1955
[9065 1362 -4745],10427,9065,1362
[-562 -6832 7693 -9134 7763 -9098 -8068 7809 9182 9072 -4965 5],9187,9182,5
[8768 -5351 -615 -5817 3948 -9353 8780 9790 756 -7844 2086 5899 2909 2679 5658 6461 2295 8013],17548,8768,8780
[1764 -3063 9180 -5722 3342],12522,9180,3342
[7221 -3466 -9700 -5530 5242 -7176 -5886 -7689 9174 -3930 9904 1441 9670 4408 9200 -1604 -3041 669 1926],14078,9670,4408
[9444 -8212 -7246 -6236 8863],18307,9444,8863
[-2890 7599],4709,-2890,7599
[4644 932 -2082 -2693 3475 2294],1393,-2082,3475
[-4159 5564 4075 6362 8252],-84,-4159,4075
[9923 -921 6033 3778 7714],15956,9923,6033
[-7798 -3308 -6081 -5539],-13337,-7798,-5539
[2435 -1743 2526 6798],5055,-1743,6798
[-4861 1075 -3393 -169 2834 7866 1249],3909,1075,2834
[995 -6918 -1025 -5767 8417 -8620 358 -8098 4576],319,8417,-8098
[4303 6362 -1110 -865 -7776],5497,6362,-865
[-4188 9946 3737 5270],13683,9946,3737
[-3882 9698 936 -3900 7404],-7782,-3882,-3900
[-4089 -7496 4270 6981 -6545 -8685 7751],14732,6981,7751
[9239 9077 4615 -2615 7925 8637 6597 8366 4633 3608 1586 751 4444 7540 6463 9033],14137,6597,7540
[3852 -9188 5262 -8086],9114,3852,5262
[6225 7232 -9271 9007 -3041],4191,7232,-3041
[8745 -8912 4018 2353 -822],-6559,-8912,2353
[-4785 -5173 196 -9527 8850 7733 5883 -4848 4641 3590 -8774 7480 -6648 750 3394 -1858 2460],-5380,-8774,3394
[-9589 3594 892 4587 5226 4059 -7656 6770 -7466 -2232],-17245,-9589,-7656
[1291 1530 -748 7183 6953 8252 1552 -9944 -6223 7573 -981 -1103 -3824 -8583 -59 -2015 7904 -1863 479 -2064],-6282,-6223,-59
[482 4094 -4171 -703 6235 5979 4963 -1256 4633 4382 8713 -3592 6123 -3564 8896 8695],12102,5979,6123
[1615 5493],7108,1615,5493
[-7434 -8980 -2572 -2062 -8138],-10710,-2572,-8138
[6482 -2263 1198 -4264 -3681 1693 8930 -4787 6087 -1225 8134 -6959 456 7358 208 -777],15017,8930,6087
[-1406 -9039 6053 -2968 -6758 -9715 7202 215],-2986,-9039,6053
[6043 2786 -7013 2412 -1977 4818 6467 1159 -9143 -8821 2285],-16156,-7013,-9143
[745 -5224 -7274 -7963 -4977 6795 9902 -1398 6106 -657 -8423 -7971 -7386 -2240 -2060 4193 6309 -5254],4555,6795,-2240
[4587 -6372 -4871 -8870],-15242,-6372,-8870
[-649 -7266 -6809 -9913],-7458,-649,-6809
[5427 9774 3114 -2709],8541,5427,3114
[-8095 4002 -7422 2301],-5121,-7422,2301
[8933 -7563 -4340 2435],-1905,-4340,2435
[-3235 2537 881 9058 -4336 -8589 -6730 599 -8145],469,9058,-8589
[6885 -3932 -6311 -5683 5402],1470,-3932,5402
[-5743 -4981 -8601 734],-13582,-4981,-8601
[8567 7111 6596 7060 -8432 7113 4018 6816 -3586 7393 -2334 -1214 -5785 -7888 1652],-10222,-2334,-7888
[106 -7459 7718 -6733],259,-7459,7718
[-1827 1496 -9762 1472 6470 6577 -2870 2 869 9237],9239,2,9237
[-5538 -895 3310 8910],2415,-895,3310
[-747 -5057 7064 -1030 -3269 9046 -8091 -4087],8016,-1030,9046
[-4849 6868 6412 7427 -2934],-7783,-4849,-2934
[1360 2903 2763 9234 6953 2652 5123 -4684 -5761 -4297 413 -4575],-3109,2652,-5761
[2560 -1888 -4896 -3193 -5048],-8241,-3193,-5048
[-8271 -915 6626 4923],-9186,-8271,-915
[-9228 6688 -8947 -9934 5557 -5185],1503,6688,-5185
[-7244 6904 -6793 2153],-340,-7244,6904
[5904 378 -5352 -4241 -8117 4541 -957],-6309,-5352,-957
[9108 6059 5372],15167,9108,6059
[-7858 -6123 -4572 6941 6408 9524 -4329 6144 -8088 810 7968 4957 -9275 2174 -6759 2826],13085,6941,6144
[-9450 6141 2928 -1742 1074 -8352 -6119 8283 -9815 -2464 3247 -1389 564],4002,2928,1074
[5805 8051 -5608],2443,8051,-5608
[9970 7081 6149 -8030 -7241 -9934 -4275 6598 7949 -8061 3964 7156 -8222 -3281 3547 1780 5188],-12497,-4275,-8222
[-8574 -1946 155 1483 4519 8287 4292 8510 -3526 6577 -5506 -5882 3495 9384 -6458],-6303,155,-6458
[9518 2356 5166 6283 -5234 7229 -4356 6871 -2331],14100,7229,6871
[-5723 -7227 682 923 3851 -6552 7599 -8040 1601 -8410 8840],-13763,-5723,-8040
[-3575 -7559 -9525 3498 -5222 8346 -5467 -8669 -4697 -8384 -4139 428 -7816 -8585 -8895],-13807,-5222,-8585
[9953 -5274 -3660 -8678 1081],-13952,-5274,-8678
[6925 -4134 -3479 -7520 5129],2791,6925,-4134
[-500 -2153 -3932 -9348 -5673],-6085,-2153,-3932
[-1207 2906 -8100 -260 74 -2216 2087 7780 -7812 4899],-10028,-2216,-7812
[-8922 1228 4732 -3200],-7694,-8922,1228
[3684 7814 9528 -5726 -316 -9823 -2522 4800 7250 -1259 8614 -1973 -3225 8114 -8950 -8545],2088,7814,-5726
[-3035 -7669 6569 1818 -737 4127 -4012 -4830 -2832 -8013],-10501,-7669,-2832
[-175 5540 9126 -3990 -1138 8748 1903 -6911],-1313,-175,-1138
[-172 7061 441 -9755 4204 -4424 1886 -526],269,-172,441
[-3107 -2379 1677 4279 53 4874 -2 -7843 -4933 3360 -9171 -3920 5330],4277,4279,-2
[7730 2775 3881 5617],8392,2775,5617
[6170 -5927 3567 -9052],-5485,3567,-9052
[1081 2219 4161 -5635 3754 9340],-1474,4161,-5635
[66 7411 -3001 9508 -3438 -22 4616],-3023,-3001,-22
[5418 -7863 -8255 7380 -8941 4781 -8227 -345 -2626 -7939 -8120 -1516 1864 9467],-6075,-7939,1864
[7996 6317 -6236 -1678],81,6317,-6236
[-6635 9858 -2578 7332 -6937 -7940 2032 6780],-546,-2578,2032
[9585 -3341 7297 -4690 6379 -1207 -7934 -7425],15964,9585,6379
[-8730 234 -8077 9666 3947],-4130,-8077,3947
[4705 274 -9391 5381 3799 -312 3001 -7952 -1409 -2384 6931 5394 6460 -1446 5061 -1177],-9117,274,-9391
[-6393 2386 6882],9268,2386,6882
[-5834 -584 531 -9760 -6411 -3179 -1319 5709 1722 118 -4983 -7058],-4452,531,-4983
[-699 2506],1807,-699,2506
[8651 8455 2946 836 -2638 -4637 -8473 6414 8430 1787 3519],-4954,-8473,3519
[6655 -6921 -989 8707 1285 -4003],-10924,-6921,-4003
[-4193 -3520 -4162 -8081 7606],3413,-4193,7606
[-6371 -1420 -9622 7878 5875 4048 1809 4433 1549 -4110 -1680 5413 2112],7424,5875,1549
[4234 -6501 -5686 -1853 -3221 329 -5045],-811,4234,-5045
[-7659 -2187 9514 -407 -959 -4967 -659 6516 8341 3908 3234 -50 5701],-3146,-2187,-959
[-3393 -722 -1691 6393 6356 2660 8280 1977 313 7545 7386 216 -5081],13779,6393,7386
[3551 9067 2495 1458 9705 -6603 -9865 -3931 -1193],5774,9705,-3931
[-4248 591 3741 2612 -4806 3883 -5819 7101 -8052 -1725 -1222 -8938 -1190 390 -5960 2412 7125],-4311,3741,-8052
[9319 5865 7638 -1764 -5141 -1288 -6807 -323 1820 4422 -2051 -474 -6710 7418 3457 -8242],3948,4422,-474
[4891 7191],12082,4891,7191
[425 2433 -4383 1718 9949 -3869 6673 -9864 385 -9636 -1724 2744 -4844 -2275 3166 -7356],-11360,-9636,-1724
[7294 6406 2731 -1794 -6563 -9224],-2818,6406,-9224
[4825 -7466 -1329 9448 8303],8119,-1329,9448
[-2486 5553 7348 -8841 -8146],12901,5553,7348
[3836 4089 -9399 4457 6107 2382 5651 -7013 -7974 -13 -1740 -1612 -7245],2369,2382,-13
[4250 -6367 6313 -175],-2117,4250,-6367
[-1937 -9417 6026 1374 -8068 -5011 -8112 4971 4944 -1619 -7173 -6318 -9864 -4382 7055 -3673],-14246,-9864,-4382
[-9499 9817 2583 2521 -8706 -393 6270 7401 -3485 6981 -8488 -7175 9559],853,-8706,9559
[242 7004 2800 -3854 -9692],-6892,2800,-9692
[7654 -4839 4664 -1458 -9891 -6257 -2227 6919 -6432 3215 3287 3856 -2611],3206,4664,-1458
[5573 -8047 6970 -4748 -1226 -107 -897 -6240 6927 -1380 -3088 -4657 -7817 -2359],-10905,-3088,-7817
[9336 -3222 -9287 -6218 -6481 -5848],-15135,-9287,-5848
[3140 -1770 4984 5460 7593 -8880 -184 3292 -300 -5009 1874 3952 -2967 1687 3521 451 5309 5934 -1856],7808,1874,5934
[7325 4938 -1648 -7427 1806 -2406 7251 3655 2058 402 -9988 -8416],7653,7251,402
[7885 -1778 -2842 6448 3890 -2317 -8071 2494 9823 -7215 -4759 -498 -8072 -551],6384,3890,2494
[1022 -1411 8953 -8124 -1128 7429 455 3645 -969 2492],-673,-1128,455
[-1927 6662 3425 -1273 -9878],10087,6662,3425
[-8658 7147 2836 -6330 688 -4636 4635 -4177 -6744 5403 8482 -1053 -8387 -1229 728 538],-5642,-6330,688
[-6419 -9181 -1381 -9869 3074 1483 -7992 -2063 -4008 -2498 -9713 5153 8248],9731,1483,8248
[978 8921 -7264 -828 -6299 753 2044 -6904 -7816 1514 4239 4725 3987 2799],-4255,-6299,2044
[8801 1873 -7863 107 720 7867 -8852 7029 1631],9521,8801,720
[-1057 -7283 -2090 -8962 -7621],-8678,-1057,-7621
[-2731 8173 428 5879],8601,8173,428
[-4762 -6481 -4340 4172 -8284 -2739 5732 -6118 2657 -2563 -4305 8419 2955 2654],-1946,4172,-6118
[2320 -4039 -7318 -8950],-11357,-4039,-7318
[4962 4599 6616 -7424 -6758 4363 3474 -3569 7826 -4672 2068 -9224 -5580 7056 -2832 -8922 -820],11300,3474,7826
[7139 6004 6777 1904 -4976 -1230 5186 -1346 -6790 3199 -2105 -7512 -779 2835 -8029 3729 3415],9612,6777,2835
[7601 3744 6106 -1537 -1216 7195 -1607 1119 7992 -8852 3231 -3603 8439 8835 -9248 -8050],9850,3744,6106
[9368 1558 -1454 -2476 -761 -8938],7914,9368,-1454
[-5069 -6469 -4122 -6188 1680 9873 4572 5951 -1175 -1990 1501 -2576 5509 2568 -6428],-7645,-5069,-2576
[-8350 8163 1295 -1323 3929 -2058 1671 5785 -4355 -7674 2434 -7809 3924 -1895 4811 5640 -4884 -6195 -131],-3539,-8350,4811
[2421 129 5335 -1363 -7374],1058,2421,-1363
[-8219 3761 -5227 -47],3714,3761,-47
[7955 -685 582 -8349 -1119 1682 3874 1918 457],-6431,-8349,1918
[6517 2236 -3685 4099 8292 6007 5916 9713 4408 -4591 2568 -8061 -8217 -5035 5917 1846 -4232 -8690 -282],14209,8292,5917
[-9784 -9305 5295 -7168 -84 -9490 3969 3353 196 378 4776 8546 -1420 -3843 8388 6862 7467],11436,3969,7467
[-3534 3869 4185 -644 1536 1463 -1448 -4586 -5603 3073 -4338 -5095 -2569],6942,3869,3073
[-4384 -7066 -4241 -4755 -7966 -8080 -2709 7169 -9954 310 -5127 1690 -6132 3705 -4169 2194],7479,7169,310
[9554 8819 -6763 130 -3095 9963 553 -8998 3502 2942 433 296 -8906 6219 9188 -4598 2250],-153,-3095,2942
[7978 -1061 49 -9067 -8413 6518 -289 -253 -676 -2951 -3572 -7738 8942 -8233 5509 8638 5974 6116 -1306 5439],5991,-2951,8942
[-2007 -2404 4896 6296 -6470 -8645 -9493 -484 -1554 -7023 7729],5722,-2007,7729
[-7888 5467 5846 -7392 5788 -8261 5790 -5364 3399 2354 -4945 6323 -4165 -9171 -1664 -8519 7775 5586],-16149,-7888,-8261
[-8556 58 7958 -6339 -2771],-6281,58,-6339
[-2265 7712 -9736 -2393 -3458 6930 -3769 -5866 -739 5299 8497 9729 -8964 9836 -6905 4807 -9738 -4411 -1658 4170],-5723,-2265,-3458
[-372 -5674 -6194 5679 5253 -7589 9793 610 -7884 -7574 4426 8682 -9340],-7961,-372,-7589
[-8168 4141 -6710 -2780 1844 -5278 2358 -5163 2904 6386 -1139 1006 -8072 5677 -7446],-3434,1844,-5278
[-3909 -2367 8780 -1722],7058,8780,-1722
[-1148 3032 -2788 7842 5368 -9905 7028 8947 3700 -4075 1244 -9393 -7181 -330 4934 1998 2776 5242 8436],8018,2776,5242
[6438 -1143 7582 9156],8013,-1143,9156
[-3075 -4507 -1349 3862],-4424,-3075,-1349
[8893 604 -1103 -3102 2525 -5667 9741 -2962 -6376 9455 1039 -5525 7611 9567 -9802 5990 -5323],-2798,2525,-5323
[6113 -2712 6708 -6793 2692 1232 7093 7160],8325,1232,7093
[-5707 -3454 -4599 8586 -5248 7217 -628 -6898 -8284 -2941 5555 6523 3466 -6733 7545 3399],-9161,-5707,-3454
[7314 3305 4942 1749 6494 6259 2198 8750 -3839 6493 -663 9492],6691,4942,1749
[-7244 8874 -8650 -6494 5309 5603 2962 -7883 3458 -8404 3857 -1382 6869 1903 9547],10912,5309,5603
[7441 -3623 7145 3709 3775 -8374 -6373 1205 -2966 4475 -8335 -7066 -6557 9092 -2460 -6804 9733],-4626,3709,-8335
[-8345 7631 -3238 -8624 -699 -1269 3443 -289 4688 2785 3523 1648 -9570 -4425 6835 -8651 -4760 3481 -2691 -8696],8483,1648,6835
[6879 8047 5357 6707 -1368 9367 3999 -6773 1852 9601],8559,6707,1852
[-9671 -8746 -4154 2693 2505 2831 -8135 -3929 -9001 -3320 886 2733],-8785,-9671,886
[-2963 6052 4373 8763 3654 488 -11 4438 5635 1460],-2475,-2963,488
[-7303 -363],-7666,-7303,-363
[8785 3884 5926 6349 4024 8417 9271 4563 6036 -1431 -2176],10489,5926,4563
[-7763 5479 -7826 -4004 -7187 -9448 2821 885 4689 -1746 -9026 9260 5529 -9371 481 9191],1428,-7763,9191
[5615 3677 -4355 4762],407,-4355,4762
[-1865 -797],-2662,-1865,-797
[6618 9238 371 -304],8934,9238,-304
[-4922 469 -3302 1485 -2980 -5762],-3437,-4922,1485
[-7302 -5400 -1504 9287 -6768],7783,-1504,9287
[4221 -1176 989 -4853 9994 8858 7594 6874 -8434 -6692 8435 8788 6088],8583,989,7594
[213 -1493 8862 -4160 -9397 -5701],-10890,-1493,-9397
[9491 -6893 9587 -6268],3319,9587,-6268
[-881 6078 2387 -4602 2794 7443 -6684 926 -5554 4423 -2365 238 -1897 4206 9902 -269 -9301 4987],-7565,-881,-6684
[-2010 1507 6891 5509],4881,-2010,6891
[9516 -4860 -4972 1912 -8172 -2548 -772 -9267 -8512 7684 470 -9397 4967 -343 258],14483,9516,4967
[-8922 -4231 -3410 -2903 1301],-11825,-8922,-2903
[6564 -5069 -9426 144 -2773 7187 8624 -5559 3544 -2388 -893 1589 -3057 -2878 -7444 -7404 1227 -4454 284 -6870],-1184,-2773,1589
[8194 -9873 5031 -199 -2394 -854 1876 -7994 -6937],-14931,-7994,-6937
[5082 2526 6214 1035 -3927 -9788 1814 6932 -34 -8045 588 8662 -9106 83 9933 -1393 2616 1357 -3389 8612],2582,-34,2616
[2350 -8635 384 5193 9761 722 -787 -8444 -299 7148 -70 -1544 4195 -7253 -8633 9412 -1801 922 6869],1106,384,722
[5460 9397 -5874 -661 2756],-3118,-5874,2756
[6176 -3453 7323 -2477 -6045 9008],16331,7323,9008
[-7316 -6246 1213 2877 8631],-6103,-7316,1213
[-6939 3637 -7381 -983],-3302,-6939,3637
[74 -3220 -1906 -7726],-7652,74,-7726
[-4974 7562 7045 -9515 -8940],14607,7562,7045
[6384 -9698 -8869 415],-18567,-9698,-8869
[945 2721 -65],880,945,-65
[5301 -658 -2002 9371 -7544 -8067 5500 5353 4555 2118 254 3755 3811 6692],1827,9371,-7544
[-8823 -2054 1803 -1753 -3261 7360 2166 2411 4322 3449 -628 -8442 -470 3124 3186 -4248 5668],7446,4322,3124
[623 817 -6904 8826 -4640 -6083 -7525],-11544,-6904,-4640
[1529 -2273 1029 8471 -3040],6198,-2273,8471
[5679 4133 -6369 52 7892],13571,5679,7892
[-6504 4125 2395 2013 5780 8749 -9681 8351 -3620 8389 9312 -2954 -1987 4399 -7408 -1796],5435,8389,-2954
[7441 3005 -5895 -8843 -3117 1613 4182 -8456 6708],-2135,-8843,6708
[9440 -6935 3948 6704],13388,9440,3948
[4069 -1540 -6206 8487 -9808 -190 -5942 -2655 -9471 5368],-4440,-9808,5368
[6605 3154 -6048 8608],2560,-6048,8608
[-1784 -1813 199 -6035 5176 -7722 -4298 7984 -3829 -66 7576 8207 9644 7520 -4990],6423,-1784,8207
[-4440 1419 6217 5095],6514,1419,5095
[9682 6671 4234 9985 -4383 638 598 6729 -3175 -2799 -4116 1132 8575 2026 3978 8248 8303 6922],-7291,-3175,-4116
[504 -9674 1176 3898],-9170,504,-9674
[4985 -8596 -7604 8010 -2644 5613 1342 6691 9350 8871 5486 -1393 9280],10622,1342,9280
[-7177 -8335 9563 7870 608 -9987],-2117,7870,-9987
[7581 5089 1162 -5448 -7536 8730 3188 -8142 6758 -8475 -4052 -785 -2553 7712 8002 6370 3472 1141 -6470 1596],-1384,-8142,6758
[-4334 -2166 8391 -8011 9522 -6402 -7059 3067 9263],380,8391,-8011
[-8182 5 -5844 8342 5232 -9384 8083],2239,-5844,8083
[9926 -8097 3941 7123 -9307],11064,3941,7123
[6329 -2486 6411 4682 -9198],-4516,4682,-9198
[-9951 -6673 -3182 -9977],-9855,-6673,-3182
[8085 9015 -6460 8789 3922 -4096 -6271],-2349,3922,-6271
[5253 -715 -2006 1951 7774 595 9976 -6596 -2670 -6327 -798 6789],-1411,-2006,595
[971 -5487 -5393 3827 2906 1545],-2581,-5487,2906
[6424 -6185 203 -2139 5092 401 -1239 -4818 3757 6864 9978 7542 -9622 7516 1631 7995 1348 -2508],14859,6864,7995
[4839 3056 -7737 -1587 -8376 -2635 6150 -6715 -7053 5579 2295 368 6380 4368 5543],708,-1587,2295
[-7888 4881 9165 -2761 -2475 6984 188 -7711 4237 -3606 -4875 9132 -9206 5501 -2043 -5531 -4408],4425,188,4237
[-576 8171 -6116 -3087 1592 -9199 -4556 9828 6717 2326 -6941 -3595 -2989 9327 -9461 9524 8043 -2135 9984 -7842],-11437,-3595,-7842
[-6139 9516 172 1124 -1066 -3832 -647 -1216 4676],-2708,1124,-3832
[5587 -907 1455 -8047 521 1777 798 -3592 5694 -8090 -7753 -1703 5960 -7133 9258 7419 9552 -4469 9408 6081],-3014,1455,-4469
[-3819 -3253 7197 7223 -9736 -6662 2039 992 -2324 1344 5947 -7533 -9020 -5823 -4165],-7984,-3819,-4165
[-5142 5529 -3652 -8158 399 2307 1902 9962 7417 1789 8845 -5947 -4395 -4996 8109 3348],1470,7417,-5947
[-9203 -7063 9542 -1465 -4635],339,-9203,9542
[-6222 1873 4735 9076 -274 -7069],-6496,-6222,-274
[-9674 -6494 -5748 2388 8486 1240 1631 6031 -2360 -306 -1966 -1304 3745 -3998],1779,-1966,3745
[-5478 -4095 -7768 9857 6264 8612 330 2476 -267 9008 -4871],15272,6264,9008
[8618 -6968 6342 -4420],-626,-6968,6342
[-8335 2875 312 7956 -6851],3187,2875,312
[2949 -6925 5174 1917],8123,2949,5174
[9083 333 -4153 -8736 5250 7339 -5553 -5491 -3465],3874,7339,-3465
[-1984 6793 -6539 9881 8619 -1685 -1884 29 -1494 213 -6382],-3669,-1984,-1685
[4870 -481 -5071 -3657 -5772],-201,4870,-5071
[-3685 -1206 2885 -2104],781,2885,-2104
[-5441 -809 -2927 924 6900 9577 7796 -854 1779 -2500 4784],11684,6900,4784
[2267 2372 537],4639,2267,2372
[4839 -3214 4719 -8192 -4442 6420 -7894 5389 -4706 -4197 876 -619 -1293 5161 -7255 8471 8509 -3916 6820],-1772,-8192,6420
[-3910 2086 763 -3767 8061 2547 -2253 -8728 -7140 -2493 -4040 -719],-9633,-7140,-2493
[-3350 8195 -6932 8162],4812,-3350,8162
[994 9071 -1242 5555 9591],7829,9071,-1242
[7866 -6812 -9778 -6903 -3370 6822 -6923 -3144 -5326 -7852 3908 -4727 -772 1826 1009 -784],-10293,-3370,-6923
[4946 8534 -2991 8643 1948 -4492 3197 8034 6607 -9595 -3333 -6756 -3993 6924 3596],15141,8534,6607
[-1296 -8960],-10256,-1296,-8960
[1040 -3122 -9956 715 4212 1857 -157 -284 4648 -6563 -9494 2531 1061 -9150 2395 -2214 7426 6650 -8628 -194],1663,1857,-194
[-1447 6575 -1782 2412 -2476],630,-1782,2412
[6530 9799 -3304 562 6001 -86 -8708 -8046 -6039 1545],-8132,-86,-8046
[3160 1696 389 2329 -8434 977 -2983 -972 6718 -3319],-6302,-2983,-3319
[-3277 -3089 7579 -453 7714 5432 -4149 -9006],7261,-453,7714
[-6642 -5718 8362 1327 9201],10528,1327,9201
[-7379 5010 -1931 5737 -1865 -7818 -7604 -2203 2744 -5411 3955 9820],-7342,-1931,-5411
[3805 -4384],-579,3805,-4384
[7480 5044 8093 -7218 2531 2833 5771 9557 -4589 5304 -9607 7332 9734 -9513 -3760 -1904],-6982,2531,-9513
[-3332 -9144 7800 -9685 -4814 -3991 3209 4810 -2439 -4454 5152],-3992,-9144,5152
[-972 2245 -1208],1273,-972,2245
[-3561 -9277],-12838,-3561,-9277
[2061 -5791 -2750 -1450 -259],611,2061,-1450
[-6864 2729 6379 3348 -8832 1175 -8465 -1451 3655 -6147 -8045 6249 -4707],-5316,2729,-8045
[3733 6018 4372 3 4636 8833 1352 7903 -7247 -8624 916 -7033 -4265 2233],9749,8833,916
[1247 -3884 2063 -1013 -3621 -6330 2939 1258 449 -3301 -9188 -2915 6826 1040 5207 -729 -1166],-7941,1247,-9188
[-9442 3121 9458 9395 -6696 -9268 2519 -6224 -3366 9304],16,-9442,9458
[-5140 -9874 7875 -1743 8867 -3410 -2690 9984 -3243 -1493 6233 80 9813 5560 6170],17859,7875,9984
[1975 -195 1225 4049 -5688 9558 8992 2479 6805 -8570 3247 -525 1312 500 6275 6134 -8481 -8120],-3713,1975,-5688
[-2411 1716 -7425 195 7733 2474 -6654 7434 6794 -9714 -8733 8065 -2262 3118 5771 1021 1381],12565,6794,5771
[6569 -3742 996 4682],7565,6569,996
[-2987 -4299 2193 -6895],-2106,-4299,2193
[8172 -4741 -9427 -2092 -9513 -5535 5947 9953],1206,-4741,5947
[-4414 -5421 -9726 -2808],-12534,-9726,-2808
[5885 -2387 -8567 -7081 -7985 4182 -3480 8842 -8157 8788 6454 3982 1482 7249 3834],-2272,5885,-8157
[-1701 -4678 -1003 5969 7999 5551 1721 -9689 -6189 -6544],-14367,-4678,-9689
[970 -6459 -2392 7675],-8851,-6459,-2392
[-8568 6437 6778 -4681 6738 -5584 -8407 -8995 -4536 9050 3872 -1035],1154,6738,-5584
[6306 8465 -3008 -680 3287],14771,6306,8465
[-8685 8209 7381 1332 -52 7259 5814 8675 262 -3663 6781 -7623 -7757],8591,1332,7259
[6621 1813 -435 -417 6443 -6352 7311],-6769,-417,-6352
[7761 6953 -6506 -2786],-9292,-6506,-2786
[-869 -7163 -4881 -2813 1091 -4167 3596 7947 876 -6848 7820 2387],2727,-869,3596
[-5287 -768 7703 -4891 -6343 -1872 -2481 9748 -634 1585 6329],7914,1585,6329
[1820 -8808 -9449 7700],9520,1820,7700
[-279 -5498 9956 -6668 1577],9677,-279,9956
[-7071 2894 -4577 1963 -6881],-4177,-7071,2894
[7019 2708 6512 7458 -9151 -3382 9735],3130,6512,-3382
[-5040 -2668 -98 3969 -5326 -1859 -1978 -4305],-6283,-1978,-4305
[-4119 7169 -8687 8111 -3186 -8644 -5634 -370 4602 9890 -3184 8281],7911,-370,8281
[-4982 5376 9788 400 -1316],-6298,-4982,-1316
[-2113 -2674 2750 9914 -1293],-4787,-2113,-2674
[-4100 282 -1029 -7184 -1954 5921 -8817 8601 761 -9599 1968],6203,282,5921
[-2275 -3201 -5268 8460 9500 7463 -3305 -870 -7096 6634 9531 519 6686 -7108],14149,7463,6686
[-9358 8983 9434 2498 5972 -5942 8680 2908 6971 -8081 -9615 3161 -8389 9162 8186],11094,2908,8186
[-8908 9608 5475 7411 -4927 7650 -8710 2277 -739 8684 8208 2164 -8003 -6083 6098 7538],9575,7411,2164
[8002 -2270 4924 -9138 -8672 -5737 1245 5624 -6619 -3615 1795],-113,-5737,5624
[-6768 -6505 9439 7828 8638 6366 6415 -3195 -1960 -1222 -3791 -4591 -495 -838 4565 6880 -7815],7800,8638,-838
[-2336 -5066 -2278 -2017 -2832 6806 -1305 -3462 -38 8932 2946 9228 7903 8362 -4356],6598,-1305,7903
[-4348 8203 -914 -7429 2070 8543 -8132 -490 -9129 4894 8747 1746 2947 5485 -131],1156,-914,2070
[3400 3816 4157 755 3105 -9510 -7979 -8418 -6532 1776 6512 6180],4155,3400,755
[3238 6352 -2673 8143 2622 -1645 6685 -2769 55 -2126 -9696],496,2622,-2126
[571 -3089 -9166 6405 -239 347 3186],-9405,-9166,-239
[-1397 -4803 9953 -9397 -7851 829 -2455 -9596 -5122 -1968 -283 -1850 4333 3381 8225 -4641 8759 -7388 5714 3307],2936,-1397,4333
[-7674 1931 -2404 -6084 9154 -6817 -8962 -6047 4854 -754 -7974 7495 5272],-4153,1931,-6084
[2039 1273 -3780 4158 -7060 9656 7270 2258 2998 -2086 6203 9759 4097],5370,1273,4097
[-8301 -481 -3301 -5671 -8914],-12215,-3301,-8914
[-6452 -6137 -5346 3379 -768],-6905,-6137,-768
[-2012 -4050],-6062,-2012,-4050
[6405 8093 8030 4657],11062,6405,4657
[1354 8925 487 2586 -8593 52 -9069 -122],-8541,-8593,52
[-9609 5600 -4892 2908],708,5600,-4892
[-7818 3526 5925 -6893 -2359],-4292,-7818,3526
[-2486 -6970 -9043 -6619 9631],-11529,-2486,-9043
[-472 7780 -2027 -1285 -5529 -307 6594],7473,7780,-307
[2276 3243 7093 7679],10922,3243,7679
[9904 -9017 2401 -3778 191 7386 315 -4959 9311 1984 -9710 -8762 5516 -8971 -2932 -1836 -5672],-7033,-9017,1984
[-1563 -1215 -5624 1101 -8682 -8750 -7713 4104 1264],-4360,-5624,1264
[-4576 7450 9903],2874,-4576,7450
[-865 7437],6572,-865,7437
[4792 -8057],-3265,4792,-8057
[4467 6049 1633 -387],1246,1633,-387
[5240 8975 -9842 -592],14215,5240,8975
[-6922 -1103 5352 -3447],-10369,-6922,-3447
[2889 -4164 1642 -5579 7783 2505 -7602 450 2641 -5393],2955,2505,450
[-5567 1678 -8127 7471 -5064 -2602 8768 2422],4869,7471,-2602
[7324 -9736 615 8096 -1121 -7443 8098 -8635 -4952 -9354 -7734 1834 3297 4734],2449,615,1834
[-231 -9998 6679 -6766 7335 -4693 -347 -4953 4031 -8593],-1914,6679,-8593
[4503 -6811 7511 -700],12014,4503,7511
[7487 -4418 8196 9655 647 -3423 5569 -1914 -1677 3947 -7013],-7841,-4418,-3423
[-238 -9408 -9386 -556 -399 -2645 -7616],-3044,-399,-2645
[-1471 -5076 -2115 9605],4529,-5076,9605
[-3968 -7355 -7591 -3661 735],-6856,-7591,735
[3839 -9645 4952 -647 -6723 -2807 -5752 9244 2618 -5929 7038 2194 -3073 -4120],-12718,-9645,-3073
[-90 -7052 -5695 5980],-12747,-7052,-5695
[-4442 915 -5945 -2073 8103 -9187 -6140 2608 1808 794 515 -85 -7154 491 6739],-13294,-6140,-7154
[7804 3220 -1371 9624 -1477 -2191 6688 9618 -9550 -6598 2097 -4623 -6547],-2526,2097,-4623
[-4880 3213 2189 -8811 4425],-6622,2189,-8811
[3079 -4241 8311 5841 6644],8920,3079,5841
[2906 -1447 -5797 3638 -605 -3957 2613 7782 4305 -4767 -4451 -2898 3957 -8062 -8739 5435],-146,4305,-4451
[-3641 -2497 4716 -3650],1075,-3641,4716
[-5100 -8550 -2912 3711 -9562 244 -332 6541 -4819 7496 3704 2695 1109 -5537 8596 -3001 -4587 7205 9049 118],-4919,-332,-4587
[2072 -1762 964 -9854],3036,2072,964
[236 -8027 -6844 -9646 175 6246 -3101],411,236,175
[-2230 -5527 -2840 -1870 9002 9517 9113 7601],4761,-2840,7601
[5860 -7054],-1194,5860,-7054
[-6533 -8961 7623 -6454 7459 3083 4911 4287],15082,7623,7459
[-7226 -8457 -9717 -9601 -9087 -2765 -6654 -5454 894 1372 9797 -7417 734 -4671],-8229,-9601,1372
[-1787 8550 -5748 253 -4336 -5231 -284 -4835 9393 3116 -272],-9567,-4336,-5231
[-7849 -1696 -364 -4587 -9517],-8213,-7849,-364
[-8310 1150 -5931 -8616 5782 -5178 4981 -5100 846 1146 7563],-1053,-8616,7563
[9486 -532 5706],15192,9486,5706
[6963 1081 -9253 -1347],-2290,6963,-9253
[7557 -8291 -563 414 -9055 7786 2763 -763 -8568 -1626 8034 -2148],-10194,-8568,-1626
[738 7117 4623 366],11740,7117,4623
[-6153 -6166 3762 9810],-2404,-6166,3762
[-4400 -6110 -1733 -6556 -3634 1688 821],-1946,-3634,1688
[9522 1360 6690 -4172 567 -1782 6752],2518,6690,-4172
[6897 7332 3640 -4809 9564 -5312 -6452 147 -2586 4692 -4288 -4454 -7667 -9739 7723 9087 1932 2755 -9731 6033],9264,7332,1932
[2982 -99 8942 -5959 -3291 -615 747 4489 -8272 -3578 5963 4014],3399,-615,4014
[663 -1280 9627 -3042 -9673],-10953,-1280,-9673
[5848 592 4007 136 92 4678 9864 -3349 -2984 1517 7509 -7435 342 -6964 1675 4588 6703 -2332 -5662],2267,592,1675
[-6911 6447],-464,-6911,6447
[1452 -304 9638 5717 985],10623,9638,985
[-9695 8302 8456 -2969 -6838 7664 -4769 4391 6970 -106 -8630 -9622 7417 9273 -1240 8531 5926],-2447,-6838,4391
[-9392 -5193 -8914 8243 2989 -8650 -4769 64 7485 8118 6884 797 442 -4607],-13419,-8650,-4769
[4871 -684 -9795 6514],5830,-684,6514
[4440 9662 9891 -8594 -38],1297,9891,-8594
[2978 5788 -3712 -2517 4652],2076,5788,-3712
[-8356 -158 -1427 -8818 -3882 -3400 -4482 4116 1075 3274 -4643 7287 -2757],-12838,-8356,-4482
[-7694 -9472 1998 8084],10082,1998,8084
[2287 -1447 9313 -6169 -3228],3144,9313,-6169
[5980 2716 1200 -2171 8042 -9070 1666 -24 -9349 -6748 4828 -4022 7785 5568 7630 -9443 -2493 9201],-11520,-2171,-9349
[-7487 -696 2579 -8901 -5904 -8888 -7717],-8413,-696,-7717
[9313 1784 -8694 6574 -9572 7462 -5993 6492 5276 4803 -5524 286 -7717],12738,7462,5276
[-4097 2797 2958 -977 -4488 -2669 -7495 4057 -6151 -1316 5204 8711],-7467,-6151,-1316
[-5085 -3797 1553 3002 8521],-8882,-5085,-3797
[-1769 3184 -3737 6439 -4051 -6956 1889 6754 3472 -2338 -8488 5938 -8825 4146 1024 -8452],-6936,1889,-8825
[-2289 6818 -6919 3083 -5640],-101,6818,-6919
[-1772 7763 -5499 -7623 -716 -2246 3655 6839 -938 -8794 -7233 -6616 -479 -8112 8891 -737 439 2539 -8972],3392,-5499,8891
[9618 -1848 7669 -5802 -3946 -241 6488 9143],2542,-3946,6488
[9260 -9592 9748 5299 -5446 6987 -3807 82 6028 -2329],9342,9260,82
[680 -6163 -4880 7885 -9532 1457 -223 -32 -3445 4721 -9090 7902 9696 -7162 -7513 7688 -8507 -3235],-6195,-6163,-32
[-1989 -204 1008 1345],-2193,-1989,-204
[-3482 -3334 -4542 2867],-467,-3334,2867
[1039 -7642 8970 -8233 -687 8403 -807 3883 -3282 -5544 7093 3822],-10924,-7642,-3282
[-2012 -8689 -5417 -2043 29 926 -2435],-4491,-5417,926
[-2495 9057 -8797 2918 -7813 8628],423,-2495,2918
[-2410 -6265 -8779 1468 -9571 3222 -7781 -5404 -8117],-15044,-6265,-8779
[-6358 -7588 -8966 3001 5197 9639 2513 -9486 8481 3778 -5060 9045 -9275 849 6693 8328 -2817 -7209 -3271],-15844,-6358,-9486
[5431 9454 5037 8892 -4711 -8981 -4368 3051 9093 9115 -1246 -268 126 -4506 54],3791,5037,-1246
[-8760 3570 -3726 9375 4404 3271 -4378 -7770 7317 -1052 8556 5518 6861 8292 -3205 -3885],-4778,-3726,-1052
[-7574 1932 -9457 6571 -578],-2886,-9457,6571
[7802 6374 3097 9000 3713],11515,7802,3713
[-2102 4894 -1065 -4722 7677 -9428 -9788 -1076 -2771 3133 -1703 1812 1308 1050],-6425,-4722,-1703
[7541 3931 1237 -5864 1002 4654],5656,1002,4654
[9186 -498 8717 -7261 -8552],1925,9186,-7261
[1411 1906 3326 -8632 -9711 4946 -8931 -5696 -6020 3061 -2184 -1817 -2136 -7501 -1469 5824 7741 77],3138,3061,77
[-734 5351 8029 -8215 8081 230],5581,5351,230
[-9896 -7227 1899 2407 -4368 8597 -4253 -1309 7564 -4332 -9004 5125 1594 -768 2104 -2103 1840],-13257,-4253,-9004
[-772 -4970 -870 -4338],-5208,-870,-4338
[9093 1656 -3049 7576 3505 -9929 -6627 -7101],11081,7576,3505
[4835 4724 7780 9277 1762 -7997 -6419 -9821 -7849 -620],-3162,4835,-7997
[-3020 4712 -7136 -2 -9036 -4926 -7093 -9140 -1989 5221 -182],-6915,-4926,-1989
[2268 6276 3023 -3441 1558 -4325 -36 1442 -3721 5143 1222 -5051 -271],5107,-36,5143
[4745 -3449 2364 -9 -5636],-891,4745,-5636
[-4913 -2457 3403 8295 -9002 489 -9729 9511],17806,8295,9511
[-3096 -1221 1774 -5610 -8525 2996 6590 -282 3892 -6640 -6481 7253],11145,3892,7253
[7305 3249 -5342 -6293 563 9140 4725 7714 87 384 2018],9227,9140,87
[6430 1690 -2531 5117 3719 5196 2996 -1993 -3534 1111 -3373 -7520 8714 6981],-3801,3719,-7520
[-6659 -4404 3832 8625 -5531 -6350 -8376 4497],-4544,3832,-8376
[-2093 -2652 -4595 5247 -5092 9301 8557],155,5247,-5092
[4839 2367 -5722 -7134 2484],-2295,4839,-7134
[-8366 9840 4942 7600 9645 9848 7045 951 -3633 265 602 4148],16885,9840,7045
[4591 8294 9423 4406 1476 148 -2006 6890 -3934 5622 -592 -2523 3523 7308],4739,4591,148
[3530 -153 9475 4936],9322,-153,9475
[4140 -9029 -7831 -4236 -8230 -2229 6487 4751 5402 1227 5993 2897 6511],-3691,4140,-7831
[-4890 -2712 -2526 -240 -4220 -3097 696 9028 3801 -2130 4418 -970 6883 -8387 1368 -6419 2196 -2128 -6436 3760],-10515,-8387,-2128
[-523 4957 8006 -7025 1811 -2866 9087 -2908 7499 3365 -6894 4544 -7678 9001 6786 -2471 -7479],-15157,-7678,-7479
[2907 4635 -5669 3108],7542,2907,4635
[5751 1117 -4465 -4190 -5721 6109 -1890 -6780 -7284],3861,5751,-1890
[4078 -8685 7771 1898],-914,-8685,7771
[-7434 5189 -5480 9604 571],-291,5189,-5480
[7002 3908 -5703 -9869 -2160 834 3352 9438 -6130],872,7002,-6130
[5430 685 1831 -1979 -3623 -7438 5671 9931 3471 -4120 -3135 -6271 9773],-6099,-1979,-4120
[6520 8742 9267],18009,8742,9267
[9971 949 -1714 4212 -7557 -5166 2665 5300 -2280 5777 -8464 4036 -8064 142],-8322,-8464,142
[-2208 -8990 1136 4285 -7760 3612 -4884 2664 3429 5142 7454 -7839 -3366 8229 -4386 5738],-385,7454,-7839
[2270 9497 2362 -2082 1458 -3507 280 -1006 -3712],-5589,-2082,-3507
[5092 -1801 -8273 -7348 -6567 8767 9650 -2318 8746 -490 3424 4433 -3208],-7838,-7348,-490
[-50 5552 78 -7396 7317],-1844,5552,-7396
[3654 -6677 5649 4531 7103 2951 325 -1360 -2557 -1152 9952 7701 -1583],4546,7103,-2557
[-4765 -4547 8992 5360 5772],11132,5360,5772
[4440 -1809 8600 7152 3573 -7977 1382 -2218 7383 4057 -7490 8566 3523 -9975 -6129 -2662 9004 9197 -9546],-6595,-7977,1382
[4628 5161 1032 7540],8572,1032,7540
[6802 -2487 9719 -1895 4792 -2719],16521,6802,9719
[-8994 1754 6955 6256 -6716 7192 -3693 8022],-7240,-8994,1754
[6231 7080 -7016 -2792 9249 8437 9546 7921 9287 7551 -9979 9700 5406 -4041 8361],18536,9249,9287
[4700 2283 -2396 7586 -1118 8765 -9684 3037 8156 -7532],5190,-2396,7586
[5055 5262 -6602 -5174 1606 -353 -2849 -9029 -299 -1116 -5903 -4320 7049 9044 2920 -5834 9132 -6890 8391 1687],14394,5262,9132
[8292 9434 -2783 -1123 -302 3819 1076 -4407 -252 715 9899 -7356 711 1860 -8778 -8604 -685 2463 -7757],-9080,-302,-8778
[7296 3513 -3509 -8359 -5535 -8005 1655 -5281 7577 8475 -8501],2940,-5535,8475
[1424 -552 8636 -6282 1022 3727 -4733 5475 1949 -4787 1510 3609 5000 -9592 536 -2360],3175,-552,3727
[8119 -9090 8327 740 8275],-8350,-9090,740
[-8677 6814 8291 9495],15105,6814,8291
[1330 -7720 -2811 8215 3415 7693 -302 3545 2571 1368 5687 -9741 1755 -2685 -3009 6487 4012],5170,3415,1755
[932 2421 5275 5350 426 2150 9941 -143 -5163 -5423 -8761 -1845 -2167 -7499 912 -6395 -2293 -782 1397 9476],3082,932,2150
[-6116 1994 -6895 -9490 4199 2680 7901 -9140 9111 -6713 -9889 -5411 9951 5474 -1558 180 -5154 176 -3925],-12829,-6116,-6713
[-964 -8635 5098 -9234 1054 -9630 2893 7689 -12 8246 4190 4700 1580 -6077 -2189],-14712,-8635,-6077
[8897 -4049 -4257 -2152 -7196 -9444 -5050 3994 4210 -6886 7201 9326 -5943 9604 -9089 -5690 7232 -650],346,-6886,7232
[4589 -5171 -1793 9380 528 -3217 3411 -8373 -7968 3410 7686 -9875 -5640 -8250 -1291 -9623 -3104 -8110 2636 -3436],3939,528,3411
[-712 6553 -337 8738 -7053 6905 4096 5071 -5696 8776 315 8502 8934],15643,8738,6905
[-4403 -1450 -8369 -1731 -6260 -3895 324 8874 3617],4471,-4403,8874
[-7677 266 -1030 8703 8591],-764,266,-1030
[4593 6581 -5059 3646 8519 1085 -8381 -9903],12165,3646,8519
[5728 8996 4668],14724,5728,8996
[-9416 105 -1782 -2078 -8633 -8188 7263 2973 2306 -8353],-10135,-1782,-8353
[-1288 867 -1204 -9111 7471 -3815 -4123],-7938,-3815,-4123
[-2631 574 -6209 -9550 5559 2712 -9750],-4191,5559,-9750
[-4309 5055 4893 3771 1664 -4713 5022 7866 -7992 2134 147 -8466],-2579,-4713,2134
[8342 4924 -5821 5720 9220 -1425 -902],2521,8342,-5821
[-1153 8770 -5352],7617,-1153,8770
[-1774 6119 -1519 9659 -4828 -8748 -3384 6535 4984],5016,-1519,6535
[-7486 -1710 9800 -6196 -2515 -2844 -406 6555 8601 9728 -8306 9127 9339 3334 -2352 -1111],8195,-406,8601
[-5184 -5766 234 4180 -9772 -8714 6638 -5346 -8728 2413 1213 -6500 523 -3781 -4135 1212 8549],138,6638,-6500
[-1376 -4850 8587 6650 5197 7970 5611 -5083 -8206 5023],13167,5197,7970
[1167 -7676 3878 3246],7124,3878,3246
[237 -7024 8510 -5340 -8701 -3973 -5559 6317 6170 4364],2344,-3973,6317
[8648 -8411 1250 7916 -9947 -3210 734 -4488 -6160 -6635 -614 -9270],-9025,-8411,-614
[-2873 -5060 3811 -1616 -1419 9417 -6124 1191 -6579 9953 -2781],-5388,1191,-6579
[-7718 -5794 -6237 6329 -9140],-13512,-7718,-5794
[5161 6159 -7375 6259 -9004],-1216,6159,-7375
[-6607 -9624 -6234 -3192 -9008 2054 -5364 -9179],-14543,-5364,-9179
[6680 -7785 2692 4667 -1276 9786 -4718 -4034 -8202 -7363 -3727],-683,6680,-7363
[-8887 -1228 -4377 5955 19 -2762 -944 -1225 5170],-2743,19,-2762
[8413 3657 2299 6744 3234 5994 -4562 1526 71 -6759 3950 -3457 7311 8011 -2909 2055 -740],-8019,-4562,-3457
[-8389 -2967 -2304 9047 -6280],6743,-2304,9047
[-899 114 -732 -2794 -3274 4571 -4985 -653 -8184 6250 9871 -9635],-2680,114,-2794
[1096 9995 -6171 -226 -7464 1556 3952 3823 467 3326 6252 1009],-1212,-7464,6252
[263 -9274 -8243 3514 -2883],-17517,-9274,-8243
[-658 -8720 4027 -7649 4713],-4693,-8720,4027
[2277 7578 1227 3280 -1743 2498 7839 -8123 4076 6865 5934 5729 5856 2905 -5226 6011 -2236 5840 2579 8866],15417,7578,7839
[8136 -3796 6094 -4377],4340,8136,-3796
[3508 -2981 -7223 2458 -7379 9216 -4068 -3836 -6590 -4930],527,3508,-2981
[9483 -66 -1371 7096 -9805],8112,9483,-1371
[-9920 4321 9548 8973 -7270 9673 5206 6188 -4612 -5305 -3264 9489 5526 -5344 4294 -1003],-1082,-7270,6188
[7046 6508 5657 -6593 -4346],13554,7046,6508
[5378 -4567 8972 605],9577,8972,605
[-6679 936 -2092 -7024 7840 9023 -2210 7301 -8768 2163 -4689 5603],6813,9023,-2210
[-549 -2779 1491 -3330 -9025 -6943 7358 -2619 2967 603 -9254 3198 -8528 1214 4089 -2517],2705,1491,1214
[-1072 -5849 7809 4120],-6921,-1072,-5849
[2078 30 -8245 3364 3051 9530 9187 8244 -9817 -7832 -4800 -5437 -4577],3081,30,3051
[2831 -2550 -9576 -9700 -6019 -3898 8480 2602 -5200 3259 -5435 -3057 -3924 5272 2138 -9429 -6908 -2268 -9039],-3881,-6019,2138
[4573 -3528 -9249 9485],-4676,4573,-9249
[-9959 -9070 -4886 -2683 4585 -987 -3419 8818],3598,4585,-987
[4202 3992 -3184 9037 6875 -397],13029,3992,9037
[-8664 3305 -5018 -4322 -2344 -8277 899 -6619 -8009 57 -5660 -3918 -7705 -6593 -5148 4436 8840 1140],2247,-6593,8840
[8731 -3241 7409 -1900 -3862 -9168 8784 1916 -212 -6421 -7073 6049 8706 7141 2938],14550,7409,7141
[7461 5943 -6377 -7418 8738 -3219 5984 -87 -9900 8825 -6131],-9596,-6377,-3219
[2605 -4844 7548 1199 -6669 9887 -1951 1224 2332 5789 -8296 4166 1290 -549 -2932 -9460 -8957 3421 -1034],-5964,2332,-8296
[-8500 -638 6387 7639 -3484 -7249 5853],390,7639,-7249
[-3392 -7694 228 5456],-11086,-3392,-7694
[-5697 9472 -9997],-15694,-5697,-9997
[9257 3028 -8337 282],9539,9257,282
[-5382 3818 -7485 -8774 -3080 69 -426 1477],-9200,-8774,-426
[-8529 -2073 -5545],-7618,-2073,-5545
[-6097 -6581 -2302 -5486 -6048 5926 -1388 -5256 3345],670,5926,-5256
[9283 9511 -1141 -4282 9339 -2249 3020 7255 -591],771,-2249,3020
[7361 5213 -3452 -2397 -2732 5987 -5967 8555 -2537 7533 3241 -319 -210],14894,7361,7533
[4760 584 7434 -7917 -1408 1774 7899 2889 6748 6134 -6765 5571 -3772 6182 5586 7633 8724],-824,584,-1408
[-9614 3511 9483 -717 -2031 -9383 1150 2914 4795 8168 610 1486 9429 -6811 -8446 -1388 2210 -8278 -1302],-3419,-2031,-1388
[-4379 704],-3675,-4379,704
[-4308 -6439 -6945 3648 -6380 4913 1433 -3387 4388 2029 -5010 1689 -1212 1976 6287 9409 -7695],6417,4388,2029
[154 8307 -2250 9695 -1981 5768 6364 3617 56 1554 -7038 3244],-674,6364,-7038
[9473 9954 7469 -7102],16942,9473,7469
[-6386 6878 -3104 4071 -9657 -2605 -674 2208 9282],16160,6878,9282
[799 -4580 3862 -8755 -8630 2137 5392 -4851 -3121 -1582 -8328 6423 -4554 1527 5093 4016 926 3073 4598],3999,926,3073
[-2015 32 -9361 2241 -6619 -3716 -1474 3028 8004 -2225 -362 1869 -7813 2395 -878 7800 4864 4432 2266],6301,1869,4432
[-6719 -7765 -3647 3484 1152 -6446 2834 -8336 -905],-14484,-6719,-7765
[237 -2165 5492 4136 -3837 8444 4511 -10 -3232 -8321 -4989 8472],8681,237,8444
[7816 -5540 8480 3583 9572 -7266],2306,9572,-7266
[1220 -3286 -5848 -6524 -5091 -4155 -9263 -2474 -304 -6148 -4013 8437 -6275 -9066 3747 9898 670 3225 -4338 8291],-4928,1220,-6148
[-2111 856 5401 6668 6402 6546 383 4685 -4305 -5872 -4016 -4908 -146 -4898 2090 -6488 -4552],4435,-2111,6546
[8759 -7439 588 -2229 392 -2346 3961 6669 154 -6729 7575 8006 -7967 4002 -4412 -7598 6344 -5568],4347,8759,-4412
[4310 -9595 -3686 6282 -1892 -9172 -777 9924 6822 3626 -27 -653 5794 6781 -6328 -733 9493 7939 -336 -6903],13733,5794,7939
[-8056 -4934 -9508 -7089],-17564,-8056,-9508
[-6990 -3476 7331 -5443 3974],-1469,-5443,3974
[751 4795 -7218 -2473 7724 1551 7610 -5075 -5213 -216],9161,1551,7610
[6400 8359 9933 -3082 -5512],6851,9933,-3082
[-2985 7319 -8925 3646 -2192 649 5656 -2817],-1606,7319,-8925
[5701 6932 529 9035],6230,5701,529
[2326 -7575 -2262],-9837,-7575,-2262
[8425 9475 7934 8325 -3825 -7283 3370 1741 9270 -8091 -5490 -3876 -9132 -536 2612 9668 -6079 5497 3461],-2618,-6079,3461
[4744 8201 -8865],-4121,4744,-8865
[-9033 1556 7061 954],-1972,-9033,7061
[3245 -9173 9077 -6336 1763 6101 -4349 -1532 440 4095],12322,3245,9077
[9389 -690 -6447 -8703 1563 -1223 -621 -9268 6307 6206 -9536 -658 -8206 3858 577 -9276 -4689],2140,1563,577
[4676 3863 6782 -3484 -7427 -8396 -684 8412 799 -7873 8931],-11880,-3484,-8396
[9006 -5989 2396],-3593,-5989,2396
[5713 -2367 -5036 -1253 -6788 -4101 7253 -5200 528 4840 981 106 6539 455 2158 3011 8808],-3995,-4101,106
[1719 -3614 -8147 -8009],-6290,1719,-8009
[6126 3713 -5413 6228 4609],8322,3713,4609
[4145 9531 -777 3916],8754,9531,-777
[9572 6368 -7633 -3187],15940,9572,6368
[1941 -3212 -4556 -5967],-7768,-3212,-4556
[-4889 -257 -8653 -2514 5928 -766 -2307 -9983 5065 9769 -4282 -4032],176,-4889,5065
[-495 -8630 5557 -6353 -4339 -335 7608 -2926 -8186 -4431 1499 9491 3366 9753 9212 -9065 4158 -7986],7113,-495,7608
[9417 -7991 -2788 -2767 1270 -2802 -1309 4651 533 5381 -7643 -5076 1287 1935 -6061 9497],-7458,-7991,533
[4026 -6241 -1206 8696 -7517],7490,-1206,8696
[3746 7419 3268 -3228 -9664],-5918,3746,-9664
[555 -1485 814 9872 -2545 -8388 -9143 -638],-9026,-8388,-638
[-2182 -6874],-9056,-2182,-6874
[7583 -8669 -4483 -4062],-12731,-8669,-4062
[-8288 -1772 -4542 2969 2709 6492 65 8825 -1827 -4921 -7133 -6983 2654 -6495],11794,2969,8825
[5830 2512],8342,5830,2512
[6104 3705 9101 -5740 -6555 -6224 1793 -8252 8115 7670 4448 5700],364,6104,-5740
[3328 6941 6457 -9723 5605 -7785 1166 -5608],-4457,3328,-7785
[7160 2830],9990,7160,2830
[2608 644 -4973 -249 -7704 -7341 5418 8768 -8450 5727 -7061 408 -3494 -66 -6328],-6697,644,-7341
[-4258 8853 -2199 7179 -7320],4980,-2199,7179
[-2511 -4811 8493 -1560 8495 -5741 9536],-10552,-4811,-5741
[-9051 4343 -8070 1658 4353 1827 -8727 -1806 8012 5894 -8822 6043 -7515 -8747 -3914 6387 7439],-1383,-8822,7439
[-4942 9124 -1111 9741 2525 5002 -6643 9871 5072 8428 -308 2172 3992 9758 202 5382 3364 4238],8230,3992,4238
[4501 -7473 -9701 1711 -6610],-17174,-7473,-9701
[-9766 7648 -7190 -9787 8736 -8118 6058 2819 -8780 1640 -5013 -9632 -1938 610],10376,8736,1640
[-3262 -8214 -4026 -3947 1243 -407 -6006],-10032,-4026,-6006
[-9275 -1078 9634 -4004 4956 314 8302 -5728 3141 -7206 1330],-5876,-7206,1330
[-4656 -7286 4055 -7993 4995 369],-2291,-7286,4995
[6259 4406 7253 956],13512,6259,7253
[7998 -5156 -7638 -2527 -6969],-14607,-7638,-6969
[-9043 4763],-4280,-9043,4763
[9801 -4736],5065,9801,-4736
[4266 -4881 -944 3136 -9767 5381],3322,4266,-944
[-5838 5438 5352 4344 -867 6421 -2153 -5547 -3136 9346 3368 -8097 -2251 348 2025 4582 9670 6838 -6843],-14940,-8097,-6843
[7909 7638 2054 7811 -9632],9963,7909,2054
[1317 2730 8784 1549],4047,1317,2730
[2966 860 -3801 7732 8195],3931,-3801,7732
[-1032 -50 -8198 4076 -5715 -7514 2918 -9944 -7999 4219 3285 9261],-5868,4076,-9944
[-9745 9617 -3837 -110 3207 -5315 3035 -5704 2271 2427 8409 6181 -3524 8834 -1641 6033 5861 -8684 -4722],-5649,3035,-8684
[7113 9797 9733 -7495],2238,9733,-7495
[3444 2654 -5443 9976 -5929 -6359 -6796 3491 -8390 -8338 9474 8069 -6394 -5134 4634 -2829 -4117 6291 -9368],-11063,-5929,-5134
[-8144 -1255 2922 -9970 -7244 6326 -7061 -2250],-9399,-8144,-1255
[-7923 6011 -6915 723],-14838,-7923,-6915
[-4 -3677 -8966 -2883 7177 4548 -5453 3180],-3681,-4,-3677
[9108 7404 2979 -6226 -2309 -5530 -6230 -1378 -9765 -3017 51 -3154 8443 5184 -6093 2476],-15295,-5530,-9765
[2064 3969 -9444 7735 4084 1411 4968 9971 -9829 3710 446 9767 1964 -4565 3927 1090 -9507 -9954],-7865,-9829,1964
[-5884 -5774 -8775 -86],-8861,-8775,-86
[8067 4451 -1616 -887 3966 2164 6812 2840 -784 3935 4746 889 9185 6439],13636,4451,9185
[-2409 -7345 -3642 -5160 3512 3539 -2193 1374 -287 -1547 3541 -5771 -3802 -5938 -1716 4107 3891 -3575 -9798],-2003,-287,-1716
[3336 1335 -342 -7692 4884 -5300 1682 3394 -5271 -3917 5081],-387,4884,-5271
[-6840 7373],533,-6840,7373
[2012 -7828 -3195 173 -3872 -7566 5010 -2508 8993 -8946 1794 5154 -5148 -2198 7019 -4972 -3366 9679 -4140 -4958],-2346,1794,-4140
[152 -3687 7721 3190 -6118 -8933 4839 8817 -1718 611 -5277 3651 -9849 2465 -9876 -889 8342 -834 7183],8969,152,8817
[-27 8607 4101],8580,-27,8607
[7594 3041 6790 -1623 -6669],1418,3041,-1623
[7608 -2085 -2000 -3517 6041 7494 579 7606 -551],-5517,-2000,-3517
[9890 9856 -1642 4215],8214,9856,-1642
[-5768 -8104 272 4135 -7273],-13041,-5768,-7273
[-2328 -5591 -9049 -7415 2942 7580 9818 7814 1162 1166 -3016 -7590 659],-14640,-5591,-9049
[1726 3003 7383 1140 -3292 -8851 -3148 6013 -8376 -2654 5051 -2028 -4841 7983 301],-2847,-3148,301
[-2410 -4685 4645 -8299],-40,-4685,4645
[8198 7907 7100 1230 5026],9428,8198,1230
[-5843 -7354 -5742 -2179 7758 7637 -7762 3572],11209,7637,3572
[6668 9050 9526 610 7981 -3720 -4001 8542 -4679 7766 6353 9072 8077 5464 -4702 -9746 -3832 5599],897,-4702,5599
[-3291 -7070 -9545 -6374],-15919,-9545,-6374
[-3212 -6739 -5564 4262 -5829 9856 4074 6867 -5360 -2435 -8687 1316 -3534 3211 6218 7759 4556 -6527 -7284 7543],-9174,-6739,-2435
[-9396 9905 -5638 4087 2635 1523 -2603 -3276 8781],509,-9396,9905
[-5578 -2764 8240 -8898 9726 5565 342 -5439 43 5472 2666],-8203,-2764,-5439
[-3200 -9382 -4562 5370 -1444 7045 -5880 5951 -5675 1913 9589 -5060 -7561 3323 -2681 4103 -2652 -6194],-2091,4103,-6194
[4075 -893 -3427 -9137 6552 4081 -3356 6761 -1653 2383 -9983],-11636,-1653,-9983
[7099 4207 7236 5593],12692,7099,5593
[3568 277 -4052 9674],3845,3568,277
[2783 296 -1924 6285 3515 3848 -4117],-6041,-1924,-4117
[1822 7881 -6986 9011 3400],10833,1822,9011
[7475 6540],14015,7475,6540
[2501 5673 9935 -1047],8888,9935,-1047
[-2772 -5773 -8475 -6790 306],-8169,-8475,306
[-5082 -2334 6433 4583 -2843 -8061 4928 -4775 690 -7047 -4031 -9302],552,4583,-4031
[8879 6456 -2896 6187 2069 -436 -1785 4186 -2945 -8950 -2440 5925 -7651 -5563 -3807 4955 1281 5049 5041 4913],7737,6456,1281
[954 -9485 8199 4181],5135,954,4181
[2012 -5472 -7312 555 8693 -6403 8857 6010 -7296 9251 -1528 9960 -8931 6422 3311 -8795 -2468],6977,555,6422
[-512 4800 9552 5997 -6449],15549,9552,5997
[9798 -4355 7148 7921 -3835 -8488 2960 8964 -2777 -2277 2116 -4519 5260 1864 -5549 -9342 5614 4944],17719,9798,7921
[-5505 -7993 -7068 -2590 9323 -8666 -6202 3014 5194 -5771 -3793 -6575 6753 -7252],-1381,5194,-6575
[-6860 -3252 4462 4008 -5411 1854 7758 -5015 3937 4242 4722 -9310 3526],-1489,-5015,3526
[5293 4929 -3802 2942 8749 8326 -9313],4947,-3802,8749
[9641 642 1678 9783 -3000],11461,1678,9783
[5571 3980 7701 -4522],13272,5571,7701
[-8141 960 3016 1623 5347 2450 9208 -2277 -5313 -6421 -1659 -8984 9330 2824 3202 764 6577 6997],-8080,-6421,-1659
[-8931 -6881 2988 7542 499 1982 1089 9252],-3893,-6881,2988
[-5764 -677 -6441 3275],-12205,-5764,-6441
[5027 -7143 5085],-2058,-7143,5085
[5059 -4183 -3888 -5727 -2105 3282 -3215 -2855 -8360 7587 -2137 -1948 -1923 -681 7887 -6599 -1525],-10283,-8360,-1923
[5823 -5747 257 8677 6908 -4827 4934 1407 -8099 -9029 -1293],4530,5823,-1293
[3737 8916 -793 2054 -5661],1261,-793,2054
[2288 -1865 1491 -6219],3779,2288,1491
[-7862 1153 1370],-6709,-7862,1153
[2085 4469 -4287 3507],-2202,2085,-4287
[4825 -4226 7573 4618 -6750 -3270 -6514 3702 6503 8134 -6596 -4075 5722 -3485 7466 78 -4326 -9460],-3407,-3485,78
[-9248 -19 -7876 7529],-7895,-19,-7876
[8946 7157 3363 -6337 9009 -3141 -4205 -6274 5810 6463 3464 -5721],-741,-4205,3464
[-8756 -2688 76 2566 6979 9601 -6139 6733 6803 -1192 5745 -4864 5537 -7121 8504 -9091 -4194 -9591 789 -7365],13782,6979,6803
[8337 142 8977 5884 584 -7658 -6696],6026,142,5884
[-598 4717 2379 5232 -8335 4361 -9871 -798],9078,4717,4361
[8000 -6808 4011 -858 -7270],-2797,-6808,4011
[-3655 3763 9561 -8306],108,-3655,3763
[-336 4341 3268 -4883 -3614 1087 1785 -7913 -8260 6541 7963 -1125 4579],10882,4341,6541
[8579 -4609 5864 -2032 2677 -7286 4012 -6678 -7298 -2107 2773 -8732 7686 -3535 1664 2199],-3905,-6678,2773
[-4752 -1738 4904 -3343 -8742 2170],1561,4904,-3343
[2229 9020 742 -1096 3980 9128 -5177 8170 -8363 -6460 8590 -5718 392 -6224 -3088 -8751 4749 1212 -1420],-6134,2229,-8363
[-290 -488 -7719 8592 -8055],537,8592,-8055
[-7083 -548 1677 -8193],-15276,-7083,-8193
[-6965 -704 -8561 6364 -6230],134,6364,-6230
[5025 7081 -6509 8288 -9626],-1484,5025,-6509
[8172 7467 -9454 -4761],3411,8172,-4761
[5756 6277 -5878 537 2426],8182,5756,2426
[8155 -235 -1639 2085 -224 4667 -8503 -2519 5363 1837 -6724 -4961 999],12822,8155,4667
[-5765 -9609 3381 -3536 7281 6833 7001 956 2229],1516,-5765,7281
[959 -5171 -4806 1270],-4212,959,-5171
[6636 -991 2961 -1181 -3379 -793 6762 -2454 5999 7055 -6430 6143 -4181 -8020 8961 -3331 5376 3494 -7417 -3423],-7560,-3379,-4181
[-6963 5857 6862 126],-101,-6963,6862
[-8571 9684 4385 9172 2093 -3257 7113 1687 7102 9910 -4181 -1007 3620 3981],3856,-3257,7113
[708 -6368 -3382 -3206 7432],-2498,708,-3206
[4006 6651 -1598 981 -4737 7240 4891 -241 -8253 1598 319 -9008 9698],7632,6651,981
[-4527 -9857 -2697 2871],-6986,-9857,2871
[-3138 8035 -9520 -757],4897,-3138,8035
[-9769 7375 3327 1200 9520 3493],-6276,-9769,3493
[8999 -7985 -6970 -5393 85 9622 1903 339 -3957 -9827 -3872 -3630 -7511 -4879],-3872,85,-3957
[478 5213],5691,478,5213
[279 -889 -6295 7890],-7184,-889,-6295
[4570 -6758 9169 4896 -2981],14065,9169,4896
[9663 -413 213 1429],9876,9663,213
[3112 -6681 3507 6964 4038 9800 3798 7131 995 5129 8820 6445 -9557 -2596 -9637 -1063],-7744,-6681,-1063
[1255 -2753 -4820 4570 -3735 -74 3657 -8263 -241 3447 -2919 -3236 2807 8341 8437 8191 4526 -4331 -511 -9004],-3477,-241,-3236
[699 -402 3000 5569 3948 1812 7197],10197,3000,7197
[3993 2357 -3487 -8033 -368 4130 8554 9985 7473 4970 7027 7688 5878 2161 -5482 9005 -8585],9871,3993,5878
[-8554 7171 5827 -6293 808 -1181 -9913 -5486 -1534 -9732],878,7171,-6293
[-4017 1203 3788 6306 -5350 6086 -5713 -4813],1493,6306,-4813
[-9043 5552 5293 -7396],-16439,-9043,-7396
[-5645 -7564 -1806 -1181],-6826,-5645,-1181
[2051 8277],10328,2051,8277
[-8133 2628],-5505,-8133,2628
[-9174 3882 7630 3986],-1544,-9174,7630
[-5045 -1021 7576 1704 1239 -9908 -3655 -730 -6358 4553 6930 3773 1152 -2382 6326 8927 3228 -9179 -6792 4086],1885,-5045,6930
[-2647 -3135 -7977 4796 -4343 -6947],-5782,-2647,-3135
[-7999 5114 421 1316 7459 3179 5237 698 -7133 1384 -2138 2691 5018 1820 -4065 -1760 -500 -8834 4302],-9759,-7999,-1760
[5491 885 -7506 6293 198 7094 9228 1835 -2790 -35 2114 7467 9949 3932 -8200 8524 -4807],-7308,-7506,198
[-6890 3152 6337 -9129 3762 -4883 -1970 8462 2750 2844 5411 9255 -8290 516 5257 -5826 -2734 242 6962 9771],-3033,-8290,5257
[-6176 -5255 7549 8906],-11431,-6176,-5255
[-5086 647 9885 -6476 -6589],-13065,-6476,-6589
[-1030 -4899 2105 -5166 -1867 -5636 -6110 -6518 -4614 2197 7923 6571 -6402 6982 3589],-4005,2105,-6110
[4094 -9503 187 -4717],-14220,-9503,-4717
[4300 -2061 -4521 4521 6080 3562 -8966 -6515 -7303 2164 -3875 -109],-5936,-2061,-3875
[-8268 689 -5296 -8685 7621],-16953,-8268,-8685
[-642 -9817 842],-10459,-642,-9817
[8806 -6645 -2406 3315 -8111 833 2615 3447 3647 -1335 1409 -442 -3408 3156 6606 4898 1867],-1505,-8111,6606
[-3422 9731 2463 3274 -2887],-959,-3422,2463
[-686 -4056 9130 -7608 1691 -4991 2194 3303 -5477 8625 1463 1595 7093 7238 4950 -1811],-9419,-7608,-1811
[8818 -942 5561 -2471 -5767 -270 362 4393 -8365 -9262],-3972,4393,-8365
[3010 -7371 -123 9723],-7494,-7371,-123
[-5550 8767 9139 7832 -3366],5401,8767,-3366
[-6103 -3801 408 6888 1454 4530 -4845 1897 -3544 378],-4206,-6103,1897
[9259 -2762 3568 5798 4081 -7079 5041 -5487 -4505 178 1069 -4097 8460 9661 5245 -6040],3219,9259,-6040
[-6615 2109 2542 -6199 2666],4775,2109,2666
[2937 2632 -7430 4207 595 -5883 -1039],-2946,2937,-5883
[-8362 -2601 4988 5216],-3146,-8362,5216
[8561 2953 -7314 71 8783 -6949 3149 4465 -3974 3355 8303 2906 -6650 1321 -9359],-4361,2953,-7314
[-4557 7886 9008 8661 -6664 -8695 -4736 8967 8432 -8075 9247 7310 -9545 -2123 2896 -6254 4425],-14949,-8695,-6254
[8856 4362 1295 54 7975 -1903 5378 1120 3655 3169 5335 -6891 -212 -8141 -7632],7763,7975,-212
[6853 4110 7313 4730 6016 140 3322 1124 -7042 1210 844 2970 8827 6011],-4072,-7042,2970
[7526 -1545 -2209 777 2874 -9007 -6936 -5923 7879 9315 -4464 -5271 5480 6180],-7468,-1545,-5923
[1612 6640 -1027 -4202 -3109],585,1612,-1027
[5324 -8504 -8330 5858],11182,5324,5858
[9687 -332 -4582 1945 -8968 -1073 9379 -7862 3412 -962 1548 6727 -9113 -9195 -5470 -2710 -5678],3701,9379,-5678
[-5811 3812 -4179 -329],-6140,-5811,-329
[172 -4419 -7567 -7121 -8210 5163 4043 -8178 7325 -4048],-15745,-7567,-8178
[821 774 -8227 2995 -1844],-7406,821,-8227
[-9087 7248 116 1334 -7075 -6291 4520 4152],-15378,-9087,-6291
[1435 -3585 540 -1473],-2150,1435,-3585
[-8849 -8474 1923 3605 -161 2948 -2771 506 3952 -1861 -8230 -2422 -8873 8154 5368 1551 3764 4652 7084],1087,2948,-1861
[8518 -2626 8877 5057 3651],13934,8877,5057
[-2920 1173 -2753 -8392 -5184 3120 -5236 3058 -7632 -2175 -1327 -5325],-10420,-5184,-5236
[-7864 7992],128,-7864,7992
[7653 188 5650 6561 -5888 5468 -9328 7195 -3483],2167,5650,-3483
[-5997 -4197 -284 9638],5441,-4197,9638
[1225 5981 2294 4904 -2796 -7517 -3563 7995 7641 6941 6715 2157],9098,6941,2157
[5567 -9060 -8480 -2293 -5608 5405 7907 -2753 -4428 -5825 -9877 2423 4119 -9617 -2687 -8173 -2524],-8132,-5608,-2524
[6443 305 -4358 -3789 -9026 -7577 -1267 5757 -454 -5422 8477 2763 9265 7529],5176,6443,-1267
[3304 7595 -8621 -8264 -7582],13,7595,-7582
[-9646 9736],90,-9646,9736
[-5341 6647 1918 -6874 -1807],-8681,-6874,-1807
[6191 3373 599 9301 -9961 -5006 -1754 2221 7478 6429 -9175 9996 -319 -8073 1164 6476 -8535 2935],-7026,-9961,2935
[2772 4993 -4732 6149 871 6443 -1890 -4325 9266 -6416 -5186 -5965 609 -2701],-8666,-5965,-2701
[-5707 -5278 2603 -3235 -2335 3937 -1092 9425 7024 -9970 7252 -6442 4601 -5818 875 -8050],4689,-2335,7024
[-526 -2586 6568 -5900 8815],-3112,-526,-2586
[7074 -9280 718 -3002 7905 -6941],-2206,7074,-9280
[-7237 3247 8625 -3340 1323 7756 -6130 -1578 -8043],-93,3247,-3340
[5183 5216 6139 -7090 2267 -4917 -67 9955 8055 -4239 -620 -415 5053 -9607 -2081 3316 -6864],7874,9955,-2081
[559 2474 -2372 -7919],102,2474,-2372
[7421 4857 4579 5029 -3255],1774,5029,-3255
[-8224 4155 -9489 4637 -1141 8471],-17713,-8224,-9489
[6554 2999 5737 -1986 -241 4552 6191 -5933 -9479 79 4872 -9385 9680 8196 8640 -8916 -7199],16836,8196,8640
[-8223 9154 7828 8457 -5690 4308 -8216 6944 7728 -2247],-1382,-5690,4308
[1433 -8867 -8318 -5218 -4697 8779 999 -4083 -7231 -4126 8713 4876],17492,8779,8713
[-8065 7223 -6830 -7673 152 -9694 -2140 5849 -9551 -1132 8192 9352 8382],15201,5849,9352
[-2584 -8353 -8851],-17204,-8353,-8851
[1406 7339 3040 5460],6866,1406,5460
[3983 3403 -8104 -2261 -7323 -7135 -416 5617],-15239,-8104,-7135
[-1508 -1822 -1351 -5337 6676 5464 -3540 7221 -4178 3425 5720],-3173,-1822,-1351
[-4828 466 -3755 -3866],-4362,-4828,466
[-4243 -9219 -3899 -8246],-13462,-4243,-9219
[-8207 3313 -8072 6782 -1518 -1383 -8352 3830 -3997 1854 -3419 7054 -3552 7388 -4455 -1568 21 5211 1543],5232,21,5211
[-1690 -4925 7838 -5839],1999,7838,-5839
[-5991 -1721 132 -2495 6486],-7712,-5991,-1721
[770 -6261 -146 5674 -1653 -1297],-2950,-1653,-1297
[-3497 -1619 -3750 -8082 5359 -9564 2647 -3675 -1364 1546 7207 7047 -3705 8459 5682 2424 -868 -4286 -1282 -5851],-8950,-8082,-868
[-3957 -944 475 -1441 2132],-1825,-3957,2132
[-6290 5800 -2281 -8870 6000],-11151,-2281,-8870
[-4734 -6508 -1742 -5901 6900],-7643,-1742,-5901
[7707 3742 9987 6535 -820 -9629],16522,9987,6535
[7860 742 -1452 -4485 -6014],-3743,742,-4485
[-9849 9492 9481 7621 -4959 -2316 6005 1886 -9291 -8491 8446 -9742 3182 -9005 2300 -512 -9188 -1511 5466],-3737,6005,-9742
[7031 -1820 -6538 -1016 6745],13776,7031,6745
[5444 -5770 -1490 397 4065 -4438],-5928,-1490,-4438
[3346 -89 9393 7162 4756],3257,3346,-89
[2976 -1455 -9487 5305 2864 -1596 -5875 -1711 479 2544 -6679 -1845 -5731],-8134,-1455,-6679
[-1385 6163 8902 -1495],4668,6163,-1495
[1090 -9147 788 9374 8718],1878,1090,788
[-202 -2857 -1800 -3349 1458 3484 7719 1220 -187 -6511 4912 -8966 6764 6896 8362 -8539 -9015 -7267 -3097],-4657,-2857,-1800
[5022 -7034],-2012,5022,-7034
[1936 6198 2988 2977 -2254 7467 -2646 -4373 8466],15933,7467,8466
[5609 -6626 -7683 2916 -9768],-4159,5609,-9768
[1180 -437 6869 3586 -391 -5930 5261 -3542 -7112 713 -1958 9904 9395 -8452 -6723 932 1164 7529 5671 -5818],44,3586,-3542
[-5275 8609 -5920 -9903 1580],-3695,-5275,1580
[8951 -893 8086 130 -9420],7193,-893,8086
[4120 7968 -8886],-918,7968,-8886
[6075 1413 -5614 2486 -8338 4794],3899,1413,2486
[-7478 8492 -4924 9511],18003,8492,9511
[-6702 5102 3902 -2145 -4687 -5378 -6649 8162 -372 -1228 -4442 2775 5846 324 -5154],-10532,-5378,-5154
[6637 -5216 -7976 -5628],1009,6637,-5628
[-4669 -8041 -5255 5772],-2269,-8041,5772
[-7098 -16 9397 -5313 7740 -309 7989 -1053 4577 9847 -5951 -4236],2427,-5313,7740
[-6396 -3713 -7572 2148],-4248,-6396,2148
[7299 -5883 2236 -6090 -1698 -829 5167 -5893 -9298 -3410 -1172 6584 -5533 2391 3359 3003 -90],-7065,-5893,-1172
[1077 2400 -6398 3852 5073 2446 -9496 6969 4002 4648 3553 2682 2542 -2503 6063 -1340],571,-6398,6969
[9706 8762 9080 -6023 3811 -7477 -3715 317 -9318 2774 -1248 7276 -2874 -4567 6395 -3068 2238 -1785 9377],-5706,-6023,317
[1792 -5431 -2390 -9171 4905 9974 3289 -154 -7477 4024 -7372 3308 207 4857 -3747],-5882,-9171,3289
[-3459 -718 -9537 -8980],-10255,-718,-9537
[1126 8746 -504 -7889],8242,8746,-504
[1814 -3434 965 1294 6813],-1620,1814,-3434
[3426 -3577 -6742],-3316,3426,-6742
[-3569 5349 -9430 -3835 -3389 -2428 3620 -5993 -8109 9064 -1038 -4730 9583 6006 -4333 -6976 -156 7936],-14102,-5993,-8109
[6053 -1261],4792,6053,-1261
[-5702 -1864 -7381 -9051 -4557 -4095 -1460 8151 8789 6608 3329 -9625 -5906 6823 -2243 6761],2728,-4095,6823
[7954 -6994 5455 -1618 656 -673 5454 3606 2378 -4577 -2540 -3423 9086 2220 5692 7837],8413,-673,9086
[784 8471 -3803 -3817 -3633 674 6824 -7528 -5671 -5187 5355 7646 -4328 2576],-11161,-3633,-7528
[6093 9496 3845 3106 4841 2006 -2118 3856],5112,3106,2006
[8340 -7614 -3431 -1847 319 773 8572 -3118 -8516 -9061 9277 -844],9345,773,8572
[-641 6474 -3852 3288 -1014 -5375],9762,6474,3288
[2864 -7469 -174 -2601 6315 -481 -3078],-3559,-481,-3078
[8100 6753 -9256 8612 -7674 -9734 4505 -8248 -9857 2915 4816 6994 1222 -2565 6764 -8322 -1099],-4751,-9256,4505
[-8695 -6853 -2641 740 -3762],-9494,-6853,-2641
[-2977 -9359 555 -876 8576],5599,-2977,8576
[-3267 7345 8685],16030,7345,8685
[7009 -5195 -4132 7405 -2859 5299 -6199 6182 5994 -4930 -8325 7264 -6611 -1950 36 6385 2520 5426 -1439],2253,-4132,6385
[-7381 9812 -1371 8589 4097 -1368 9665 -8187 -1890 -1725 -3670 -9987 -6539 -1161 -2580 -7194 -7708 8286],2284,-7381,9665
[-5106 5725 4850 -4442 -2274 3017 686 -2465 9611 -8059 -223 6616 -8909 7625 -5912 -2 185 7793],-4665,-4442,-223
[6551 -5178 -9717 -7642 3860],-5857,-9717,3860
[9565 -3554 -1136 -6647],8429,9565,-1136
[4501 8607 -7910 -192 5611 -8634 7414 -7959 5468 2876 -9839 -3244 -7900 -3202 5320 1443 -5595],14218,8607,5611
[-195 -3525],-3720,-195,-3525
[2256 -9264 -8713 3467 -8566],-6310,2256,-8566
[2155 1886 -6845 7924 -268 7509 -2759 -7751 5248 7179 -7785 8256 -7777 3712 -5395 3590 -5746 -7250],9810,1886,7924
[-6391 -43 -4238 7753 -55 -7194],-98,-43,-55
[-2197 -652 3016 3517],-2849,-2197,-652
[1216 8793 -5244 -9695 8630],-1065,-9695,8630
[-2905 3362 5420 -5142 7637 -7999 6998 8249 1062 -7945 3073 695 5142],11611,3362,8249
[1976 -6786 7904 2016],-4810,1976,-6786
[-4221 7623 -1317 -9083 -4199 -2497 3656 -7971 8743 9542 -7289 -1556 -9604 -8017 -6021 -7685 4278],5126,7623,-2497
[8324 7427 -1263 -5467 2514 4138 6469 -9722 -4246],-1732,2514,-4246
[-9349 -4030 9872 -5170 3040 9401 -3080 3533 -3842 -8876 4103 2933],6030,9872,-3842
[1692 -3008 9060 9336],6052,-3008,9060
[1235 9610 7365 -8704 -7293],-7469,1235,-8704
[6272 4363 -1782 -4694 9636 -6931 -7224 -4309],1578,6272,-4694
[-8156 5299 540 8883 -2069],-1529,540,-2069
[1280 -9192 4745 -9537 7601],-1591,-9192,7601
[-8848 -6770 8105 2963],-3807,-6770,2963
[-5033 -5181 -5130 1709 7219 -2310 3587 5517 3570],-1560,-5130,3570
[1995 -836 -6660 1966 4635 774 -5398 -2798 -9175 -7515 -3343 -6032 3784 -1258 1785 1004 2605 6974 7565 -523],1159,1995,-836
[-9921 5951 5426 6072 -9926 3873 8762 6507 -1194 1422 8077 7678 4882 7295 9361 5892 4722 -7753],15269,8762,6507
[8773 -4573 2382 -2496],-7069,-4573,-2496
[-8342 -4003 5032 -3642 5274 -8963 -3310 -5708 -388 -1053 -3568 -2907 -6671 1449 -2955 7599],-9351,-8963,-388
[-8484 -1426 4727 -9769 -4548 -3166 3286 4597 -9165 -4177 6735 1134],-5042,4727,-9769
[-7126 -5562 4099 4496 7422 -6385 -904],-2630,-7126,4496
[-2253 -6621],-8874,-2253,-6621
[357 -4336 -1846 3523 4853],5210,357,4853
[697 3771 -5345 3049 5709 4749 1871 2439 5514 1031 5593 -4040 -2572 -8751],6740,5709,1031
[-9979 8835 2525],-7454,-9979,2525
[5058 -2504 3554 1115 -9974 -3288 3994 2368 -8090 -3092 -6041 7483 2225 7520 9925 -6721],8598,1115,7483
[-7374 6870 4308 9188 3735 -2765 -5959 9652 -2394 3328 8387 -5855 5068 -5723 -159 5496 -7246 -2361 8339 -7807],-8320,-5959,-2361
[-2776 1104 8926 -9335],-8231,1104,-9335
[4183 -2322 -9533 -4108],-11855,-2322,-9533
[-7285 -5331 -3722 -7726 3326],-9053,-5331,-3722
[4995 -9907 1883 7701],-8024,-9907,1883
[6774 9820 2880 -8398 4864 -2599 -8163 7915 -7807],5316,-2599,7915
[-8270 9001 -7946 -1145 -8350 6975 -2771 -9438 4323 -2562 -495 -395 -4384 -3922 1601 -1949 8874 -980 -129],-1540,-1145,-395
[-5293 -216 -1820],-2036,-216,-1820
[7098 3118 -1867 -937 -2811 6251 -1860],-3748,-937,-2811
[4479 7417 7788 930 -9959 2530 1356 -9498 -8305 3641],12267,4479,7788
[-7559 3602 1899 4491 -3446 -6373 3679 7142 8305 6541 4403 -4334],4859,-3446,8305
[6504 -424 7277 3346 -7168 -3151 -7378 -6251 -7794 -1372 -8730 -1562 -55 7018 -8636 -2051 -4133],1295,3346,-2051
[2258 -6285 -942 2392 708 6916 6362 5814 2902 3595 -4841 -9843 200],7070,708,6362
[-8188 -1382 -2815 -124 7648],6266,-1382,7648
[-3059 8681 -7282 -744 8034 -9637 8067 9917],7290,-744,8034
[3278 6502 9590 -2461 7411 -1906 174 -3865 -8678 7116 -8072 -1348 -8659 2482 -7262],-16750,-8678,-8072
[9773 2868 7058 8787 -4941 -8843 488 774 4364 7482 6227 2299 -8386 6315 6803 9030 -1386 3264 7846],11422,7058,4364
[3493 6814 -9273 1123],-2459,6814,-9273
[-6272 -4748 7084 8402 2997 -3219 3274 -6053 -1483 9635 -594 7407],10358,7084,3274
[5359 2446 -587],1859,2446,-587
[-808 1024],216,-808,1024
[4356 -9846 -5809 -8033 -7375 -3001 -8078 -7105 7246 7589 -9492 -3696 5421 5790 -827],6762,7589,-827
[-8876 2766 -7928 7462 9960 947 -5848 -2124 -2770 -1972 -7382 5129 -8422 7357 6466 451 8082],10228,2766,7462
[-8799 2581 4107 -4945 7100 -6938 2975 -7373 3755 2567 -9676 -9897 9551],6322,3755,2567
[-515 2216 3 2500 -1467 8999],1985,-515,2500
[1419 -8071 276 -4745 6731],-3326,1419,-4745
[2301 -8024 2665 6189 5591 -4971 -2240 -7288 -7207 -4938 1200],-1835,-8024,6189
[8092 8606 -5474 -4992 3247],16698,8092,8606
[-6954 -1216 5595 6138],4379,-1216,5595
[7999 -2436 -2412 -7386 -6029 8082 -3518 -5173 -9931 -5962],2120,8082,-5962
[4984 2147 7813 9692 1720 -4870 7291 5461 -6021 -4861 -8492 -1064 -2528 671 -2670 -9996 6989 2846 3601 -5128],11973,4984,6989
[3657 1302 -5668 5425 -2874 -3118 -4459 -3288 -6696 -7899 -3495],966,5425,-4459
[-3542 7008 8094 -7618 4158 9686 -3032 7946 9250 -8914 7575 3492],-43,-7618,7575
[-5210 5194 -9702 -9732],-4508,5194,-9702
[4495 9251 9911 -3514 -3784 -5844 6525 -2101 9558 9935 2222 -8734 -2563 6979],-4664,-2101,-2563
[7556 -3841 -3059 -2546 -4366 -4038 -3635 184 -8684 -7678 4592 6404 -7381 -5019 6017 -6205 -9989 8879],-3451,-3635,184
[-9822 9859 -8767 4058 -8360 1900 -6893 1815 -3145 -4865 4388 -3947 7822 -5732],-10038,-6893,-3145
[-2046 -3611 -2212 -5567 387 8383 -7143 1036 -4032 -6452 4404 -7871 -2929 -5078],-7643,-3611,-4032
[-7910 8508 -2612 -8336 1013 -236 -3458 -4688 7354 -9489 -578 -6113 -6320 -9071 -153],-8572,-8336,-236
[8727 -2608 -4396 -7254 -7062 5638 3058],14365,8727,5638
[-9232 -316 -7316 4178 -7464],-3138,-7316,4178
[-5945 269 -6140 -7053 8029 -6640 -6938 3428],-5871,269,-6140
[6707 -3607 2379 -8785 -5367 2652 -6758 -1855 -279 7098],-4106,2652,-6758
[-8259 -9739 2889 -805 -1753 3270 7752],6947,-805,7752
[4027 1414 3583 -1036 -2103 -8776 5902 -2204],9929,4027,5902
[8208 8455 1684 -7137 -4348 6232 7024 6102 1906 3839 -848 -4358 6717 2669 -3316 -6115],4353,1684,2669
[1904 4801 -2681 -2136 2902],6705,1904,4801
[2986 -9918 -2023 -1945 -1391],-3414,-2023,-1391
[-3672 4141],469,-3672,4141
[9027 -4988 7705 -181 -6695],1010,7705,-6695
[-7581 3153 7509 2224],-72,-7581,7509
[7071 -3131 5514 9276 3829],10900,7071,3829
[-3461 -489 -1464 3675 135],-1953,-489,-1464
[1449 -7043 -5221 -545 888 -2902],904,1449,-545
[-861 -5400 3095],2234,-861,3095
[5250 -9479 9745 -4326 -7159 6986 3917 -2642 5974 -2853 4004 3079 3824 8886],971,-2853,3824
[-6456 -2704 -998 470 -7491 9216 -5428 -4393 -5991 1373 -1082 7068 7266],-10195,-2704,-7491
[-6719 -2779 4928 -5992 -4954],-7733,-2779,-4954
[-5571 7628 2429 -4582 4921 3422 -1314 2593],10057,7628,2429
[1124 -2643 -3167 -2752 -3494 -7433 -371 -3991 -6029 1198 -6709 -9118 -9674 -4853 -136 -6616 -5091 -880 -1234 -7937],-13665,-3991,-9674
[-3765 8293 2314 495 7304 -2697 -3929 -6093 4293 7690],8185,495,7690
[1268 2655 -1866 -4878 -9933 1431 895 -8116 6742 2521 -4343 4923 322 4829 -665 -3692],5151,322,4829
[-9863 -3524 3111 -8178 -9930 1583 -6825 -6304 4565 9204 -7390 1456],-19793,-9863,-9930
[2857 -2058 7979 -1862],799,2857,-2058
[-9681 -2570 8563 -3771 -9597 7814 -3799 -211 6650 -8769 -2278],-3031,-9681,6650
[-6987 -5177 -8955],-14132,-5177,-8955
[-3199 2225 -8990 -4099 -9579 7700 -3964],-12189,-3199,-8990
[8629 -1097 -7937 -1209 -3894 -9248 -272 8394 -5775 -9365 -7717 6765 -4485 8588 -5514 -8399 -7111 420 -6640 2032],4735,8629,-3894
[-1078 -7750 -2789 3444 -1123 2792 -4171 -5460 9322 -8408 8572],-10539,-7750,-2789
[7970 -2740 -324 2304 566 7062 2012 -2561 -3187],7646,7970,-324
[8871 475 -8516 -8643 4303 -5934 -1294 -3521 -9451 -1072 -9500 -2526 -9177 8818],-5197,4303,-9500
[2022 -4180 -8923 -1022 247 -410 655],-4590,-4180,-410
[-495 147 -3166 1461 7999 -4955 -3018 -8361 -7625 9691 6541 9738],1608,147,1461
[5936 1228 2769 -9374 8738 1423 -2326 -2693 6828 -5471 6439 392 -6615 17 -5253 651 -7186 2625],-10724,-5471,-5253
[6646 9211 6911 -3472 5381 -2362 7925],17136,9211,7925
[5128 -1916 -9903 2164 4078 -843 -5053 7080],-2759,-1916,-843
[4765 -7954],-3189,4765,-7954
[3998 -3170 148 8569 1376 -1032 -4776 -441 -4078 7086 -6403 -5311],-10481,-4078,-6403
[-4611 -7810 4982 149 -2821 -2651 -5747 6621 -9893 8542 -2348],-10631,-7810,-2821
[8063 -7136 3136 -3540 7944 -6832 1176 -796 6571 3663],-7628,-6832,-796
[3330 -5868 -898 1188 9889 7249 1181 3883 -2945 -8265 -7961 -8868 -2650 8588 9621 -55 -9413 3831 3561],1928,9889,-7961
[1712 6071 2297 -2138 3699 3965 -1608 1627 677 -3868],-3746,-2138,-1608
[9257 -8654 -3331 -6300 6041 5951 -5185 -6182 7370 8296 2519 2676 -882 -5816 -3111 8152 5372 -2283],-444,-5816,5372
[-5181 -3251 4643 7805 6143 -2730 -727 -3907 7861 9956 -6608 1557 -4411 -8235 3846 -3949 6598],5131,-2730,7861
[1867 -8734 8339 -1254 -8283 -7833 -3802 9146 -3765 2892 -638 6779 7485 7461 2684 -6561 6098 -6666 -2942],-1935,1867,-3802
[6897 -7776 9696 -8792 1013 -1333 5119 -9289 6167 -4883 7117 -8361 1624 -7889],-18081,-8792,-9289
[-8911 -8206 -2510 7768 -432 -8226 8591 -156 -2446 -3162 4689 -3977 522],-10716,-8206,-2510
[-7221 -5102 -4180 2462 4914 7153 475],-188,-5102,4914
[5762 -6158 -452 -2019 -3543 -7966 5927 7582 -4539 -5865 -3712 2361 -6948 9566 131 5935 4054],-10697,-6158,-4539
[-6491 4549 -4225 -161 1797],6346,4549,1797
[-3301 -1646 -94 -9327 8161],8067,-94,8161
[-3446 710 3385 -7090 5397 -2826 5079 -8410 6797 -3551 6046 -7692 979 8830 6434 5852 -6451 -6877 -8840 9631],-5898,979,-6877
[-1421 7662 142 -7559 8067],-7417,142,-7559
[9861 -5528 8278 7459 6351],13810,7459,6351
[-5924 -2416 -9955 8223],-1732,-9955,8223
[-7571 5952 9040 5019 4248 -820 -9222 -5642 1103 9631 -1319 4503 1429 -2451],4199,5019,-820
[-8820 841 -7955 -4912 -2520 7196 -3925 6450 -5461 8735 35 -3801 -7041],-12745,-8820,-3925
[-3329 7583 799 4902],4254,-3329,7583
[3498 152 -3292 -4023 7588],3565,-4023,7588
[-5704 -3902 4111 836 -507],4947,4111,836
[-3005 7052 5877 -3159 -2787 -7685 -1684 -3231],4193,5877,-1684
[3351 9596 -6403 -5349 605 -95 -1778 -1977 -4310 9121 -2672 -1594 5597 1917],8002,9596,-1594
[-4088 -7866 8539 -8051 -3982 8481 7093 1584],4557,8539,-3982
[-1302 9961 -2020 -9952 -2430 6495 8198 315 -3941 7473 5666],-12382,-9952,-2430
[7635 2035 -4692 1579 -3809 -8375 -7132 -4542 5592 2508 -6264 -2034],4087,1579,2508
[6697 9931 -47 -2313 8332 -4707 8031 7399 6038 9128],3625,8332,-4707
[-1291 539 -6076 -2848 7615 991 -1505 -9544 -8239 4795],-9744,-1505,-8239
[6385 -775 -2118 -6238 9470],-8356,-2118,-6238
[-799 -13 4438 8941 -2014 -1147 -9191 9385],13379,4438,8941
[3272 8351 -4200 -3930 5072 -6126 -1277 91 -5139 2661 3778 -1237 -2632 -6163 -8252],-3465,-6126,2661
[-4799 -6379 429 8728 5487 -5868 9552 7883 -7014 -6127 7428 -2268 -2728 7942 5278 -6428 -7900 -6827 2909 -790],-7804,-7014,-790
[3715 -2091 6356 9238 -7014 -9955 -6390 -3867 -6804 -8208 6592 7615 -4338 5410 5751 6862 -3193],601,-7014,7615
[-2328 -1036 8246 -6717 4704 7229],3668,-1036,4704
[-8399 6422 6494 -4101 4610 -4780 -9217 -443 2716],9138,6422,2716
[9788 -6534 -9531 -9105 -132 9257 -3721 -2921 -5902 7350 9072],-33,-9105,9072
[-4341 284 1657 1650 -113],1544,1657,-113
[-8921 -5043 -3574 9982 -3045 -3082 -8996 -6132],6408,-3574,9982
[-6536 -1628 4773 7370 3173 3616 -2078 -9193 6753 4277 -1877 335],1296,3173,-1877
[4973 -243 7925 4618],9591,4973,4618
[2067 -540 -9830 -868 -4493 8979 -2473 4213 7879 -7264 -710 -9314 2607 -694],-7763,2067,-9830
[-8249 8143 4185 -2269 -3800],-6069,-2269,-3800
[1727 3893 -1056 -6032 3352 -3140 -5464 -812 -582 4552],-3737,1727,-5464
[5600 -5199 -1298 76 2696 -7097 7624 -9753 -1237 7198 5648 768 -2417],6416,5648,768
[4251 -253 -6532 -7400 -1114 -3477 2767 60 -6963 -6205 1264 -3165 -4142 8047 2306],-10565,-7400,-3165
[-4804 -3006 -3960 -1474 -6703 8387 -8912 4064 7940 4324 161],1237,-6703,7940
[6002 7581],13583,6002,7581
[6009 -4150 -9864 7741 -5906],-10056,-4150,-5906
[9404 -7656 1741],1748,9404,-7656
[-9673 -2510 -7986 5534 -2275 2809 2232 -5514 -3391 7229 -2252 -3274 -8925 -3193 -468 1457 5601 -5652 -2616],20,5534,-5514
[-758 4168 4523 4286 -3480],806,4286,-3480
[2059 1784 9940 -9478 -2505],-7694,1784,-9478
[3150 581 9916 -1180 -9059 7080 4878 -8699 796 -9041 -522 9806 -7976 7345 5194 4362 2195],9275,7080,2195
[8916 1445 -1734 587 -3567 -2210 -2318],-4528,-2210,-2318
[3609 -8518 -9342 2273 57 -5202 656 9385 -2355 -9868 -1841 -2136 8662],-6259,3609,-9868
[-8005 -7768 5049 -8328 3053],-4952,-8005,3053
[-6682 -959 -2189 6850 -8853 1861 -7270 2807 9126 1915 -7091 1979 5275 2301 3916],-8229,-959,-7270
[1347 -7793 8588 -8957 550 -7484 -8608 1324 -8762 8900 -1152 1039 -626 -1947 -3265 -4410 8256],-701,-8957,8256
[-6973 -2142 5107 -2178 -8827 -967 869 -7731 5896 -4284 -9960 2328 1214 8580],-16558,-8827,-7731
[-7787 -6720 4233 -9314 6363 -9950 6873 -4725 -8559 1452 -1682 9538 -1345 8951 -625 6349 5902 -2025 -4130],-7107,-8559,1452
[-2917 9487 6573 -5654 -4628 4531 -6998 -9424 -7489 -7470 -9620 -5434 -4903 6921 -3589 3422 7438 5847 3298 -3608],-12341,-2917,-9424
[-5948 -5997 -9080 -1899 -5150],-11945,-5948,-5997
[4705 4776 -1282 6137 -1414 3694],9481,4705,4776
[66 -3333 -9321 -7156],-10489,-3333,-7156
[-4250 -5238 3470 7512 -3775 -2538 5024 9467 1105 -2961 9296 6374 -3362],4058,-5238,9296
[-8504 7353 -398 -7141],-8902,-8504,-398
[-3102 6271 3567 4425 4879 -4072 -5917 9589],-505,3567,-4072
[2285 7107 5898 -3007],-722,2285,-3007
[-5496 -7356 2100 -8038 -1993 6618 4118 4389 8054 -4109 -801 -1156],-8157,-7356,-801
[3811 8120 2020 4129 5089],7109,2020,5089
[4602 3808 -4180 373 -3380],-372,3808,-4180
[-8005 -4930 1851 -7123 -2542 -9256 4982 -3843 9925 4953 -1174 -4853 -4071 2530 -9381 2732 8879 1913 -421],6082,-3843,9925
[7241 806 1840 -2128 4478 7546 -4211],9081,7241,1840
[-9173 -3668 -629 3383],-4297,-3668,-629
[-8675 -6235 -6778],-14910,-8675,-6235
[-7715 9787 -9428 2029 6433 -3587 -2396 4406 330],10117,9787,330
[8434 4824 5532 -9350],13258,8434,4824
[2602 8632 4149 1184 8721 3674 9304 -6168 -7349 -8087 6561 -5572 5315 -1338 3015 -479 -46 871 1953 3418],-2019,4149,-6168
[-5008 5960 -8149 -9049 4428 -7311 -1628 -2533 -9450],-3490,5960,-9450
[-7099 -5756 2693 3746],6439,2693,3746
[-2178 9894 3099 -1820 -2156 -548 -7470 9831 2630 112 -9044 7039 3841],2082,-548,2630
[5409 1261 -9021 4457 275 7678 -6658 2619 -2148 -7476],-2067,5409,-7476
[2786 6244 9323],15567,6244,9323
[-6679 -3505 -585 -5070 -7040 -4647 -4535 -2908 951 -84 7757 -1024 -7364 2766 6552 8284 -3543 3752 -3781],4214,7757,-3543
[293 7656 -3137 7420 39 -2345 -6264 -4576 4884 1162],12304,7420,4884
[-2597 4365 -635 1663 -2051],1028,-635,1663
[1121 -1124 -4782 -3134 7564 -1036 -705 4250],-5487,-4782,-705
[-5370 8807 2131 2091 -9368 -9015 -4446 6507],4361,8807,-4446
[3226 -674 -1041],2552,3226,-674
[6994 -2750 4436 3190 -2043 -8284 -3752 -7497 -9765],-503,6994,-7497
[6895 9337 3396 -9181 -880],8457,9337,-880
[-9462 -4624 -1092 806 -2620 5477 -8866 469 1763 4723 -3057 -6297 3268 -8246 504 450 4828 8364 -4728],-5847,-6297,450
[-2509 -451 -3832 838 3250 4340 -4009 -8759 -2288 -8661 -353 -7067 5333 -2426],-4283,-451,-3832
[-4250 6307 2480],2057,-4250,6307
[-3881 -979 7711 -3302 -4496],-4860,-3881,-979
[-2201 3499 1434 4267 -4862 9936 -636 -6035 -2345 9993 908 2942 -1720 -3147 -9686],352,3499,-3147
[4074 1673 9892 -6097 -730 1975],3648,1673,1975
[-8807 4358 6506 1095 7762 9961 -5604 -6869 -6002 2931 -445 -6088 -3883],-4907,1095,-6002
[4773 2896 3906],7669,4773,2896
[-9622 8516 -9935 -4204 8956 -4457 -2461 9720 3173],11689,8516,3173
[-1937 -247 -3796 5116],-5733,-1937,-3796
[-8626 8320 -1372 -8425 768 9300 -2199 -1257 3241],1984,-1257,3241
[1480 -7240 3974 -4106 -1373],-5479,-4106,-1373
[-2847 -9511 -5115 8267 -8961],-7962,-2847,-5115
[7839 -3062 5086 3799 -3008 9545 -3284 6455 6997 7202 8426 -7050 -7892],-895,6997,-7892
[5106 8793 7449 8504 3551 -1029 3058 -9807 6661 8320],2029,-1029,3058
[7873 -3245 -4146 7186 -3614 5246 -5055 7330 -2280 9081 9259 -1077 8355 -4386 -5580 8868 2888 763],-8532,-4146,-4386
[8331 2862 2032 7725 3386 9569 -541 -5801 3962 -3810 4819],-2415,3386,-5801
[-7463 -8208 -8509 -5347 -2473],-9936,-7463,-2473
[-7074 8551 5948 -8263 6220 -3446 6661 4048 -4606 -9584 4315 3968 9192 -3149 -1536 7516 9800 2115 2333],2726,-7074,9800
[-9453 -5630 3461],-5992,-9453,3461
[-1886 8541 8174 6008 9087],15095,6008,9087
[-7110 -6811 -1735 -1642 -3316 7583 7421 6781 9550 2449 -2083 -6888 4321 -1596 2434 -4515 2361 -8512],5035,9550,-4515
[6913 864 -6699 3794 -4470 1791 6246 2226 7637 -9243],4017,1791,2226
[-8416 4309],-4107,-8416,4309
[629 -4860 -1809 -2666 5546 -4219 3471 -2369 3404 9815 3805],4434,629,3805
[-6317 -7475 -819 -925 -9748 -8956 -4872 -7365 -6818 7126 7840 -7348 -8486 -1942 9167 -5986],2850,-6317,9167
[-5889 -6085 -6880 6244 -3226 721 8736 -9172 -632 582 -8154 6842 -9966 7011 2541 -8593 -8879 -2227 5398],6119,721,5398
[-7599 6445 -2887 -2924 3003 -3790 5946 -594 8773 1732 9395 8758 -1970 4562 1123 -1952],4493,6445,-1952
[4937 9791 2686 -328 -9242 4066 -2350 -2542],7623,4937,2686
[3211 5962 -837 -3285 -6432],-74,3211,-3285
[-2357 -5522 -175 862 4286],4111,-175,4286
[-1091 4501 -6582 3378 -4810 -3565 -4917 9522],4712,-4810,9522
[-5820 -4461 -8753 -426],-10281,-5820,-4461
[-6198 2996 -2442 -1180 4328 198 327 9021 -5568 -5286 2679 5251 -2835 -4250],-2115,-2442,327
[481 6041 3398 -3845 3070],6522,481,6041
[-9741 -5523 2482 -9315 -7597 -4293 1731 8447 -3460 -2649 5893 1340 7541 2687 -1108 -5143 -1721 6704 -25],8044,1340,6704
[-8480 7927 3191 4153 5300 4866 -1410 6060 -1681 5979 -4011 3505 1258 4124 8213],12793,7927,4866
[-8126 3457 -3173 9880 9985 308 6261 462 -8763 6360 -4653 1205 -9782 2404 5467 5546 3762],5775,308,5467
[-1174 9332 -2200 -449 -8842 -8109 -3531 -4935 -9706 3794 -1444 -4066 5024 -9441 -1799],-3374,-1174,-2200
[6273 -4651 4185 -2405 5627 466 1955 5557 -8332 -7290 -8708 8486 -4861 -6061 817 -2840 -8719 1951 -3341 -1605],-14780,-6061,-8719
[-4172 4979 9939 9710],5538,-4172,9710
[-2474 7556 -6541 -5104 7971],5082,-2474,7556
[5573 -1442 8888 6078 6496 7439 2497 5720 3175 -5268 -6539 -4159 -3383 9741 4475 7763],1561,5720,-4159
[-279 -9951 -8641 7960],-681,-8641,7960
[6731 -5908 3039 682 -6298 -5961 -8731 -8590],-2869,-5908,3039
[-2799 5749 -9073 6056 -1351 5513 3820 -6061 1150 420 -4682 3251 -759 -6389 5812 18 -7688 -5405 -1987 9635],-11872,-2799,-9073
[-7396 -877 -704 -8953 148 -1262 -5029 2674 -6544 7544 -9191 -6679 3522 6163 -5680 3541],-9895,-704,-9191
[-7215 -799 -5573 -4115 4332 -1982 -6246 -4856 -3588],-11819,-5573,-6246
[9475 3442 -3432 2344],12917,9475,3442
[-9476 -5912 -511 -8776],-6423,-5912,-511
[3981 7295 7192 -6438 -3489 7112 -2303 -2885 1102],4307,7192,-2885
[5905 -9496],-3591,5905,-9496
[5359 -8369 -9154 8387 -7476 -1299 -6441 -9613 -9981 9172 -5949],-15930,-9981,-5949
[2173 8179 -8130 -3265 -3272 8702 -4752 4859 1074 -9722 -2861 7522 -1655 -6258 6366],-5184,1074,-6258
[6050 8692 2260 8551 8397 -9705 -3985 5036 8750 4346 808 -7207 -4514 4459 -5187 2540 -1901 -7474 3378 6430],-728,4459,-5187
[-316 7561 -6276 -300 -6730 7028 -6613 1412 -6959 3490 -2872 -9205],-15481,-6276,-9205
[-346 -1810 7781 -9480],-11290,-1810,-9480
[-7683 6175 -7302 -2859],-14985,-7683,-7302
[-2997 7917 -8909 -3897],-992,7917,-8909
[3699 -8378 4411 9760 4955 -8001 -6196 5069 -4724 -107 -5855],-12051,-6196,-5855
[-3267 -8514],-11781,-3267,-8514
[-6695 -6438 -8271],-14966,-6695,-8271
[1196 -1929 7042 5107 -8914],-733,1196,-1929
[1871 2793 1714 9706 -9817 8961 -554 7003 2706 -6760 -7999 -4793 -3654 9399],-10414,-6760,-3654
[231 -1493 -5033 5756 -9624 -6215 693 1175 -8257],-5522,-6215,693
[8650 -6729 -4163 -119 -1066],4487,8650,-4163
[-7585 3174 7365 -6302 8856],10539,3174,7365
[-6696 -9273 2804 -7706 619 -888 -9587 6903 1942 -7795 9546 -6192 8445 1816 5396],2435,619,1816
[-1400 8271 -9538 -9152 -7179 -4041 -1137 -5260 -5110 9894 -1624 7340 -509 4712 -7682 -9892 5206 2709 8800 4976],742,-9152,9894
[-2677 -8940 6429 6314],-2511,-8940,6429
[-5832 2238 4863 -7632 6386 -5578 -5730 7471 -7138 3417 1156 8583 -5489],-4333,1156,-5489
[-8451 3639 2005 -2134 -8112 -1404 9702 -8985 -3536],-5346,3639,-8985
[247 -8711 169 -7735 -1538 -5410 -7870 7432 -2949 -9859 -2542 3355 3989 -8348],-438,-7870,7432
[-584 -7020 6899 -3454 6544 3061 9915 9073 -7829 -2948 2706 9847 2689 2574 -3810 -5453 -5938],6315,-584,6899
[-3688 -3920 5584 -7102 729 -5514 -1804 6890 -7164],6313,5584,729
[2239 -2127 5993 -2764 3866 7382 9979 5269 7923],11248,3866,7382
[-133 1285 5783 -7953 9457 4673 -1527 -192 -7209 8448 -3424 7919 7383 -1426 6458 3217 9063 4761],14231,5783,8448
[1094 1412 -6569 3475 -6540 -7092 8283],-13661,-6569,-7092
[-8629 9921 -1627 -6438 -9937 6765 6764],-3172,-9937,6765
[-9255 9404 -7547 6942 -2993 -2054 5724 4745 6833 -4526 -1330],5503,6833,-1330
[-9851 -6980 -9640 -7006 -2689 -8097 -6896 -8592 -7952 -9368 -2398 6016 552 6709 7113 6966 -8802 1014 -1424 3756],-2786,6016,-8802
[6667 -6848 -4038 7949 1262 4280 2973 486 2016 -2598 -559 -2931 3549],-3552,-4038,486
[-7068 -1715 -8250 5491 -99 -5999 1743 2005 2847 -8316 -6986 9931 5209 -2266 9888 -5551 3099],-14249,-8250,-5999
[1322 -4059 6409 -9398],7731,1322,6409
[-2576 -386 -4968 -7631],-7544,-2576,-4968
[-5016 6606 8190 5236],14796,6606,8190
[3274 -3152 -5453 4894 -6862],-10014,-3152,-6862
[-4208 2538 8545 8794 9657 7915 3118 -2384 984 5618 6571 -3735 7123 9922 4969 495],10152,9657,495
[-869 5929 6979 6644 -3998 1194 250 3713 1539],3963,250,3713
[9358 2480 -582 3901],11838,9358,2480
[-569 -7873 9369 5229 -9429 9805 -5627 -589 6489 -644 1517 784 -6087 -1885 -3410 -8982 3586 -1044 -4987 -7942],402,6489,-6087
[-385 7057 8827 568 8572],15629,7057,8572
[6784 -8549 4245 -639],3606,4245,-639
[-2450 -5155 -7645 9826 -1977],4671,-5155,9826
[-9254 5817 -7077 -7637],-1820,5817,-7637
[6945 -9996 1671 1528 -2578 7135 -3693 2269 -580 75 1864],4133,2269,1864
[2280 3133 7319 6520 -6190 -6014],8800,2280,6520
[6876 3570 -2648 8596],10446,6876,3570
[3216 3705 3125 1494 -2823 8873 -4494 -4292 1359 -3239],-789,3705,-4494
[-5121 -4589 -3095 -3056],-8177,-5121,-3056
[2119 8315 -8281 -6350 1396 7415 -445 6073 -7025 9324 -848 899 -5471 -4174 1551 -9886 7299 8600 928 4393],-6319,-848,-5471
[-5042 -7069 -2250 4061],-12111,-5042,-7069
[-6793 4008],-2785,-6793,4008
[-8473 -7611 6521 -9807 4903],-4904,-9807,4903
[4179 -4433 9121 285 113 -3023 5804 8331 6473 -2381 -3454 1942 882 6683 -8680 -5514 2226 -577 -1072],-797,-3023,2226
[1944 -4879 -7633 6770 -534 -6584 2684 -1074 -8095 6070 -2486 -841 -1269 9986 6407],16393,9986,6407
[520 31 8637],9157,520,8637
[-4415 -5246 257 4539 -8888 4322 5496 3020 -3009 -9558],-13973,-4415,-9558
[3342 8313 -5375 -9012 1063 3316 5927 8515 -1148 7578],2203,-5375,7578
[9922 8961 -2801 4846 7154 8787 1751 9604 -6083 -9863 9211 -6673 3199 -7036 -6918 -4765 -9603 8445 -8985],3249,9922,-6673
[-3049 3616 -9729 -962],-6113,3616,-9729
[9341 1647 8202 8357 3648 -6737 1608 9617 -7076],2541,9617,-7076
[5178 9423 -6302 -1748 551 -5311 -7711 2383 -9371 -8115 -5145 -2694 6817 7195],-5328,-7711,2383
[-5391 9271 3152 -3984],12423,9271,3152
[-7164 7870 -1737 -3166 -8515 1716 2162 9559 9715 -4314 7512],348,-7164,7512
[3860 -3154 504 2795 -524],3336,3860,-524
[3268 3301 -84 -5486],-5570,-84,-5486
[3291 3267 -3958 8779 -9617],4821,-3958,8779
[5479 9198 4863 -5322],14061,9198,4863
[-3645 1192 -5679 -8755 173],-7563,1192,-8755
[-7815 4128 -7287 -587 6542],-3159,4128,-7287
[6211 -1430 6667 -7757 3678 4633 -3019 8384 -5088 3768 -6305 -4449 3077 -4866],-1320,-5088,3768
[-2799 -5145 -2758 -1628 -75 9855 7155 -7952 -2577 -5146 7434 7150 -2311 -4775 6723 -1476 5976 3010],9780,-75,9855
[4062 4842 -1356 -8582 -9312 5277],-17894,-8582,-9312
[-6793 -7647 5842 -2513 -7108 7062 -7561],-499,7062,-7561
[-1787 9517 2521 -1050 4986 9966],8916,-1050,9966
[-699 -3838 -5077 4505 4186],-572,-5077,4505
[6929 -3001 -4952],1977,6929,-4952
[5236 8578 6080 6984 -4147 6336 -8445 -2777 -9780 -9905 3343 3834],3303,6080,-2777
[1035 -36 8826 -4747 -4168],9861,1035,8826
[-7605 7556 4900 3835 -4762 -7840 -7073 -608 7727 -7640 -8008 -8601 -9979],-4766,3835,-8601
[-1629 -4975 9594 -8268 -746],4619,-4975,9594
[-2689 -9181 -3447 -6569 -4197 -6601 2302 1713 3540 4801 7519 -8966 -9350 -6624 9954],-12413,-3447,-8966
[2767 -1514 8540 2206 4477],1253,2767,-1514
[-6864 -4623 -9851 8770 8255 -1837 -3525 -1122 5588 757 -3290 -2776 2320 -7213 6019],6776,757,6019
[-1777 5226 5231 -3811 -3767 9237 -4488 6332],5470,-3767,9237
[5597 3224 -9288],-6064,3224,-9288
[-8684 6246 -4824 -9512],1422,6246,-4824
[4576 1266 914 9039 -9054 6541],15580,9039,6541
[-5831 4671 9820 -3072 -5893 -613 -6314 -9300 8080 900 -6330 -2371 5391 8354 -3834 847 -6028 -9252],234,-613,847
[4165 -7817],-3652,4165,-7817
[-4679 -5082],-9761,-4679,-5082
[-2763 -6899 7916 -6977 3189 7626 -5730 7588 2439 973 -1480 4137 9795],-9740,-2763,-6977
[4642 2775 -8176 6886 -9162 1891],-3534,4642,-8176
[7260 7498 4685 -61],14758,7260,7498
[869 9083 6229 6080 9178],7098,869,6229
[-7774 2369 9466 -8182],-5813,2369,-8182
[4875 4694 -3013 -6794 4858 6673],1862,4875,-3013
[-8567 7157 -5360 8296 -5056 5719 -2125 6475 9952 -6450],-2848,-8567,5719
[-2038 -1291 558 1326 -7796 -2753 -6142 2753 8114 -162 3776 8889 5464 -6699 1645 -2454 3511 9581],1415,8114,-6699
[6245 9700 1854 -6719 -4500 7048 4074 -8259 -3583 3580 -2507 3100 2775 -5387],-7894,-2507,-5387
[-3819 -7859 6003 -1844 3672 -2657 5873],4159,6003,-1844
[-7135 4259 6209 -9687 951 -413 -7955 -6248 -6757 -7105],-13892,-7135,-6757
[-9584 -9058 3888 7582 -1943 5235 6625 -7904 379 -9747 -284 -1137 1044 -7576 -9667 -5818],-1930,3888,-5818
[2530 -4539 6800 -1609 7092 7600],14692,7092,7600
[-3989 -5405 -8055 -7816 -2835],-8240,-5405,-2835
[-5202 1637 -2558 -6668 -4229 -6771 5809 -3604 569 6270 -1860 7851 1675 -8391 273],-2121,6270,-8391
[-3082 7135 -6088 -6606],-9170,-3082,-6088
[9962 -6508 -6787 306],-13295,-6508,-6787
[-5841 5852],11,-5841,5852
[9438 1025 -8025 -5941 -9268 -5710 2298 -8715 -1734 -8247 3125 -4459],-4916,1025,-5941
[3031 -6997 2771 -6146 -2461 -3641 8550 -4701 9318],-3375,2771,-6146
[-1280 7786 3265 -9638 2582 -1039 -4964 3502 464 1003 8201 7343 2042 -8575 -3554],-5073,3502,-8575
[-7299 -5505 -4759 6676 -7075 -8808 3831 -7009 4084 -457 -6392 -2048 8766 -6456 9176 1720 1117 -5740 -2286],-4724,-8808,4084
[-8951 7187 -1250 -7307 7687],6437,-1250,7687
[-5814 2115 -1096 3941 7911],11852,3941,7911
[6338 -2681 -3216 7887 47 -1308 -9494],5030,6338,-1308
[-8640 -2071 5806 -7247 6509 5986 -9764 -6418 -730],-612,5806,-6418
[8702 -9113 -4116 7176],-13229,-9113,-4116
[1298 4880 -9234 -2578 -5416 9227 5062 2626 -2371 -9626],6856,9227,-2371
[7344 8872 -7983 -3742],5130,8872,-3742
[-7576 8620 8489 -4292 9859],2283,-7576,9859
[7154 588 3488 691],7845,7154,691
[-8732 7444 3364 3312 966 5411],-3321,-8732,5411
[-9611 -9102 -3626 -6605 -7184 7783 8799 -2613 184 -8239 -8471 -461 -6934 4507 1575 -932 4970],4691,184,4507
[2133 -1763 1142 8495 -9711 9879 -6489 -3581 5643 568 -1727 -8008 -3681 -4696 8023 7286 4617 3466 -8931],4442,-3581,8023
[9620 -8849 3441 8956 -5353],4267,9620,-5353
[7325 -741 -194 4739 -1146 2454 -6485],-7226,-741,-6485
[1460 246 5527 -3583],1944,5527,-3583
[1207 2671 -4698 -9029 -2853 4987 8991],-7822,1207,-9029
[-6159 -1092 -9931 5745],4653,-1092,5745
[1908 4866 -7731 9941 -279 -4893 -3940 -2417 1675 3113 -7703 -4978 9117],-1780,-4893,3113
[9625 6481 5577 9358 9433 -5469 -9601 4202 -1690 4666 1967 -9138 9986 8784 98 1267],14935,5577,9358
[-4899 2610 -631 -9105 -7652 -1811 1932 5108 3670 9356 1021 -7889 -3018 8645],-5042,2610,-7652
[800 1565 -682 -7241 -7594 6740 1834 -4877 -4349 3921 -1858 869 3377 8616],-2540,-682,-1858
[-9967 8556 -847 7308],-10814,-9967,-847
[1736 775 9725 -8427 -8619 7486 398 9076 5231 43 4786 -8457 -4489 -3190],18801,9725,9076
[4452 -9746 8963 8044 -4179 1612 9281 5965 -4794 6797 -3547],10575,8963,1612
[-8502 2305 4488 4271],-4014,-8502,4488
[-1733 3940 2834 5131 -639 3234 2853 981],6068,2834,3234
[-6625 2157 6476 -9412 9083 3357 -1416 -6203 8006 -4002 -2041 -8714 4290 278 1799],-15615,-9412,-6203
[-1547 6605 -1953 -1878 -8412 8751 -2063 -3780 -5307 -9424 -7585 9459 8723 -8277 -6586 1564 -3618 290 -9080],-10366,-3780,-6586
[5856 -1204 7873 -9942],6669,-1204,7873
[4627 8352 -141 -6918 -8556 386 856 280 -4528 -6237 -6586 8053 -4829 -4138],-3929,4627,-8556
[2666 2951 -1447 2856 6760 928 7668 7291 5505 9623],14051,6760,7291
[-1494 9179 -943 -6198],-7141,-943,-6198
[7683 518 -3117 -4267 4761 4319 1726 -783 8252 -2545],-819,1726,-2545
[-5083 -6873 4650 -9704 4606 -6184 -1532 8392 8695 -905 -7398 5920],-2223,-6873,4650
[3105 8564 -2308 -8544 -1316 8056 761 118 7507 3119 -8558 -4193 2050 5281 -3309 4177],-3624,-2308,-1316
[3023 4812 7568 -837 -141 8406 5515 8842 710 -122 -2463 -4091 1529 -5529 -4781 -9210 -489 7111],-5651,-122,-5529
[-2334 4957 4978 1093 -5653 1020 5793],6886,1093,5793
[3814 -9913 -3130 3193 -8774 -3911 -5627 -7377 3851 7319 -3059 920 7372 -220 -3608],-18687,-9913,-8774
[6380 -2331 1374 1195 3711 9203 -5185 6388 -43 -6835 -1642 -9022 -8613 -7276 8424],-5311,3711,-9022
[9815 -8420 -8929 -8033 2238],1782,9815,-8033
[7751 -4949 1311 -1999 1963 -4751 2546 -4896 6060 4203 3289 -5728 -4669 770],-2706,1963,-4669
[1411 -2643 -4501 4009 -7460 6143 -7213],-3451,4009,-7460
[7962 3152 2564 -8042 -2532 3450 -2431 2841 1388 -7306 152 -9085 -7777 8699 -3512],8114,7962,152
[-1265 2723 -6649 1411 -3377 -645 2335 4232 1314],-654,2723,-3377
[-5620 -4110 9980 -6689 -2036 -2367 6374],4360,-5620,9980
[8950 5265 -6274 -4675 7666 6390 -7321 -3725 3421 665 6736],7401,665,6736
[-2309 2549 -1435 -8752 172],1114,2549,-1435
[394 -1296 -2019 -4785 1226 7968 3093 4017 9022 -737 7240 7867],-3559,-4785,1226
[-3873 8371 -6323 4392 -7823],-14146,-6323,-7823
[-2484 -5696 -8378 -5179 -5499 2246 6306 4521 -2370],3822,-2484,6306
[4090 -1074 1781 -4993 -2448 -2130 3437 -1563 8258 9531 -6419 -7004 3664 -6062 9170 -909 -4812],-2914,4090,-7004
[9282 -9889 2268 -2330 2254 4806 7086 -5036 1069 -2499 3836 -2397 9736 -3674],2476,-2330,4806
[-8093 -7684 1502 5597 -7083 -858 -6288 -3693 3870 -6821 -3567 -6281 6363 -9970 9253 4015],-4078,-8093,4015
[9642 -168 -4821 -4479 -3140 3518 -5980 3301 -5860 -891 1764 349 4763 5586 -6788 3484],3867,3518,349
[-3714 -1108 -1697 -4300 -9864 -9407 -2970 1719 -3254 -9054 -63],-10751,-1697,-9054
[4044 6393 -2218 2084 1092 -3234 -6174 -188 9004 -2197 -3877 -6586 -8372 -6951 1178 3042],167,4044,-3877
[9552 -4036 0 -2479 5572 -9609 3411 1362 5018 -2467 -902 -1984 -9523 -2096 7085 -5625 7567 6410 -2260 7456],5516,9552,-4036
[8461 8778 -8062 7326 -2274 -4279 -8631 -1087 -5275 -1754 -2787 87],-7066,-4279,-2787
[6653 5912 -4757 -9674 2612],1896,6653,-4757
[1372 -5870 -4757 4287 7950 -3056 5403 5291 2204],5659,1372,4287
[8233 1173 -5457 -2686 1627 -991 9466 -8336 2502 5995],-8143,-5457,-2686
[-1365 -3002 -1307 -5079 9024 8343 9704 958 -8237 7535],106,8343,-8237
[7213 -3713 4385 4122 -3642 3928 -3796 -3864 -5212 -2298 -3849 4584 -6118 9637 -4287 2169 -9429],13759,4122,9637
[3547 1678 3196 -7284 -5249],-2053,3196,-5249
[-7088 4944 2380 -4592],-4708,-7088,2380
[-4282 -8539 -2674 -464 -718],-1182,-464,-718
[3779 -1197 -3285 -1955 -4685],-6640,-1955,-4685
[-900 -8657 -3184 -9638 2540 3729 7078 -575],-644,-3184,2540
[3231 8671 -2549 1138 3414],6645,3231,3414
[9567 7493 2659 -1763 -2848],896,2659,-1763
[-3052 -5804 -6862 598 1983 2287],-12666,-5804,-6862
[-9567 8098 -431 -7866 3041 -4405 -2133 -4231 377 -5670 -9890 1903 6268 -844 -8457 1924 3880 4446],-1790,-5670,3880
[4630 -1992],2638,4630,-1992
[-2614 -533 -493 -1118 3173 6422 -6498 1914 -6385 4150 2201 4160 -9491 4965 3562 2999 887 7623 9919],-6318,3173,-9491
[662 5089 -5420 -1675],-331,5089,-5420
[-6834 -4290 -9658 -6003 1650 -5958 -1620 -6280 3341 8243 6123 -162 8442 -5848],-12283,-6003,-6280
[-6392 2221 -8526 -4601 -3912],-10993,-6392,-4601
[-2295 -8218 -1684 2393 -6892 -8494 -8920 4969 4643 -1545 -5618 -7654 -2532 9383],-7913,-2295,-5618
[4378 832 -2297 2215 9806 -2180 3355 5391 -8979 9234 -7776 2908 -9705 3482 -2694 766 -6810 1388 -291 -4940],-2032,2908,-4940
[9365 -7662 -2499 7399 -9717 -3726],-263,-7662,7399
[-1786 2252 7194 -9758 -2345 6963 9535 -7423 -8858],-93,2252,-2345
[-1451 -2668 -7829 -7920 6304 8515 -7779 -1622 4142 -5427 -8695 6255 3512 -3245 7303],-9542,-7920,-1622
[5743 6299 7326 4200 9285 -205 -8243 -8003 5600 -6148 5317],-677,7326,-8003
[-6137 401 -2048 -9841 -5521 7034 9028 9730 -6886 -2504 -6350 -3731 4001 6121],-6485,401,-6886
[4548 5577 -5717 2222 3020 -1452 -9821 6856 -6028 -7396 -2337 -1798 -5652 -4818 -3248],-4700,-1452,-3248
[-1521 -2295 704],-817,-1521,704
[-2839 9617 -9999 -3659 788 -5383 473 3635 -9505 5098 -2752 1810 -1555 7568 -1054 -3209 6899 -6623 -4105],3690,-3209,6899
[-2161 -3830 -931 -3423],-7253,-3830,-3423
[6044 6718 -4215 2912],-1303,-4215,2912
[-8571 -2331 -3034 318 -4607 -717],-7641,-3034,-4607
[183 -1059 -9722 -9307],-10366,-1059,-9307
[7622 2892 5307 -1077],8199,2892,5307
[-8353 -8602 -6066 5331 5458 -4705 -3659 -1759 8179 -3102 -7119 -4016 -5876 -5707 7588 3433 -3386 7978],-12369,-8353,-4016
